1000
1205
3011
7664
8526
5328
5970
1739
3968
9062
6563
3132
6260
9894
969
5388
5695
5046
8418
6329
6633
5047
9299
6963
1083
1
9042
7811
6482
328
9658
4076
6371
5360
5375
57
9163
3388
1583
7142
3137
561
8336
5035
2731
6570
7979
5251
1402
5573
5221
4651
3667
1626
5190
5509
3354
6140
8632
4732
9469
6264
4638
7378
6394
5626
1678
9270
6430
5631
9101
7281
5148
9766
101
9071
4262
8191
1973
618
7898
2005
2517
4930
2444
3720
117
4714
3756
5602
5857
7868
7924
9628
6611
6044
8529
2121
7541
8633
2299
4368
720
3952
4578
9671
6263
1259
9815
4442
8393
1287
676
5003
6087
8643
8265
2836
947
9924
2004
9224
5648
2373
5116
5879
6012
6860
2074
2224
6919
4520
4741
5473
3886
4774
1560
7081
8889
819
1970
7743
6237
7100
1002
7308
2942
9121
8093
435
7669
2632
4374
3936
8250
9789
776
4222
8638
4375
7275
7619
5064
7990
3712
6614
7130
8585
6147
4305
1663
2940
748
3201
5331
2462
8370
7850
7135
6128
7261
6616
9951
9450
2294
9072
3714
3095
7053
277
5118
3073
7047
934
8797
3032
3282
1860
1112
2379
6646
5650
8558
2521
3561
5813
5969
2449
8783
9083
3661
9573
4429
567
7109
8829
3112
4170
1901
6223
1375
1630
2877
4514
29
2393
6736
5629
8015
2779
9873
7269
3631
681
2862
5133
5790
1769
1400
8821
977
780
6195
3536
7430
7516
5030
2033
5268
6285
1395
4562
5616
9491
1697
6288
9996
3489
5252
4710
42
8377
3374
1636
9982
549
2495
5435
1137
432
3928
824
9186
2321
3758
9291
2326
8709
2537
1635
7969
1385
6492
6089
4365
2465
5887
1047
7304
3432
2608
1993
2404
9976
183
8129
6421
7905
4632
3889
3130
2997
333
4464
5567
6330
3426
5278
3431
7594
5396
6548
7635
2919
4360
1210
108
3164
1942
6818
1826
7550
272
9601
8001
1538
6014
1229
6279
6296
771
1363
9238
8961
1019
1532
8136
4352
8933
6797
5959
531
6239
8905
7781
9898
8024
1676
5733
4913
3076
8076
4458
8374
5173
3918
1450
7544
5346
9429
3854
4810
9590
8198
2825
1063
8680
8999
6514
9568
3155
2549
7536
5537
6065
3461
4722
6849
8617
6904
8808
6865
7297
2539
6786
6131
273
6274
3815
5168
8959
7851
1969
961
4537
7928
7035
7983
6644
2339
3364
6647
2932
7137
6862
2783
4867
6292
3346
8531
4978
4699
6046
3565
186
8549
4301
9091
3421
5026
4721
7147
7678
8362
2815
1513
8154
5750
9494
761
6337
4844
8830
7079
9285
2505
9929
8859
494
9159
9129
307
9191
2414
9662
4489
2185
2135
8442
1460
7665
4075
7555
4730
4016
4858
6579
2882
2288
4071
5424
8007
7758
3872
3251
5529
7625
604
8759
2670
7493
3533
5526
6699
3157
4070
9004
6385
6277
6892
1208
5809
5153
3537
3217
2201
3679
1843
9456
5935
7822
6080
1055
8371
6760
3761
2770
8286
2667
8523
6332
8987
7277
5587
4073
1098
663
965
8825
6388
9106
2392
6880
3285
4413
9550
1825
812
6111
5226
9221
8695
3224
3905
5170
3526
7763
7562
2295
1945
1524
8642
8532
8128
1435
2040
4766
6569
916
9276
4390
3540
8947
4297
4703
3538
1642
1225
6861
8932
972
4219
3091
386
6033
1464
7151
647
7972
8014
525
180
4311
539
2315
5296
1929
8012
7125
3840
5715
3529
1471
481
3636
5770
9710
206
3883
247
9935
4361
2127
8402
7164
9686
502
7160
4783
7370
8279
6461
7556
619
910
8593
611
62
5795
1486
8860
1146
4551
9218
1007
4204
8413
6455
2984
6661
9581
6326
686
4044
2697
455
4252
7324
2422
9378
7693
31
8778
688
8818
3798
6852
1143
8535
959
225
5205
1581
5472
3950
1173
8041
6031
88
8321
4054
1617
8031
9461
2165
7373
2761
9179
2693
556
5347
7881
6064
9105
1299
5685
478
8775
7533
4677
7689
5664
3490
7605
2300
155
7274
852
9252
1271
8171
8421
2904
595
6463
9059
470
2503
325
8315
5745
6972
9534
6472
7473
7225
137
3229
4635
4485
7183
6471
6631
4786
4417
9264
9328
6886
2619
1766
9437
8892
8986
6315
9114
8647
1715
4048
8278
2484
5726
957
1553
3839
3280
8156
4794
4111
7230
1911
7921
2216
5461
8020
5782
4592
3138
6999
890
4739
1085
5490
5518
9335
866
8271
6829
2478
4602
1027
2102
1016
7312
657
7951
7264
5306
6434
2946
9810
659
2555
1658
3620
822
7704
8573
5468
3110
3609
4254
4605
775
2045
4963
199
6051
9731
3598
765
7499
2615
5419
8664
586
4119
3258
845
3985
5584
9912
6240
261
8640
3904
829
2819
9743
9678
2827
2072
5146
5430
4043
4261
3203
6941
3315
4230
5669
6522
8263
3737
9541
2041
6039
3709
8746
3233
6020
8826
5932
8766
9941
8245
3903
7157
3508
9097
844
1594
6424
1913
7476
6523
3040
897
6236
9798
1009
2359
8630
8696
6427
3192
1231
3638
1728
7360
4782
4961
6053
1608
757
164
2752
6814
3303
3313
3530
6396
4572
1568
244
3922
4446
9317
5271
469
8754
2866
8298
6690
4975
438
1498
7415
5921
36
2854
5601
4497
9376
6986
1824
8765
2317
2372
6584
8040
6663
9592
5682
750
9729
3336
8290
9835
9639
2191
1520
1586
5502
6960
4833
9364
3974
9383
5861
1380
1983
5751
7995
360
2025
8113
6802
2342
4061
4594
1869
4590
774
9999
7730
6404
9339
2796
9063
6452
4827
9954
8172
6825
5911
5547
9382
4275
6899
5471
8184
8380
6520
5434
6449
3214
6465
963
4654
2236
3101
8685
2650
9559
3145
8845
7257
3690
3728
606
7488
3655
4452
1926
162
7821
677
2602
3939
6992
4476
6083
3256
2117
7858
4480
3207
702
1076
8406
8333
342
5180
2951
6145
9272
4300
4194
7333
1654
8062
3807
5345
7545
7537
4079
7915
4825
1133
6816
6839
6121
7050
4253
4362
9698
4775
7737
2769
1029
6791
