5000
605
4282
8481
6056
4492
7234
8742
3202
8574
7973
7333
5021
8724
5942
1740
8466
9092
4275
7082
1809
5132
7852
3329
7537
2769
7377
3161
2568
8816
3463
7008
8692
4533
4775
2960
1156
1338
7106
8633
2485
3975
5685
366
4877
728
4213
4444
3614
9596
8776
4115
2295
7497
1824
1289
7773
7789
164
1748
3265
3280
8732
598
3838
4821
3961
774
3730
79
1982
6184
2807
8080
5711
4782
4636
5645
2741
887
1028
3661
9852
3174
9291
4128
2751
3089
7197
4682
794
5668
8003
7276
1353
9182
6545
8339
534
2344
9169
9978
1078
9065
6782
9687
9098
4784
5479
2522
7220
8266
8380
4546
9910
288
2949
7372
2549
736
2594
5241
1757
5686
4909
1642
8415
2822
5516
3627
7062
2297
482
5289
7543
4834
9253
9377
4101
3260
746
3399
7460
3170
4748
4735
5286
3100
1804
7522
687
403
7395
8626
5705
2290
9099
6859
9867
6682
2675
8152
5753
3160
1247
6831
9732
8264
801
3557
9412
2394
9904
7005
5473
8802
6248
8139
2009
8653
4423
5681
7170
1789
4845
3651
9639
7138
7202
5281
5217
4960
8385
4908
4901
7041
6979
3076
6892
9786
8220
9212
5466
8050
9114
2
2223
1097
3005
3921
5380
3594
8459
2179
3291
2706
2454
3854
8678
2139
4946
2854
6261
1783
2111
866
1109
1029
8836
9010
2415
7080
8066
6552
7127
5346
7743
1465
8036
7359
7798
3413
9934
1521
7291
5921
9733
9752
3116
803
957
6862
291
281
2967
1180
3977
519
9500
6253
8645
2811
1218
1677
1169
8831
5505
3037
3357
2922
2319
2358
333
4131
5159
3127
3949
8483
9417
3404
4837
757
5979
7149
8
3821
9884
1089
8790
2761
3885
2850
7147
3721
7486
3459
2334
2945
6918
5503
5349
3866
1378
4666
416
3902
5173
707
2775
4926
5086
114
9725
100
8774
2312
5305
5276
8138
3378
7324
1136
20
7031
9422
9995
4869
8353
2826
6511
2513
4120
9202
8337
5846
3786
9712
1682
5818
1847
6651
2073
625
920
2546
2876
7672
1935
3624
9806
4561
3898
204
1938
3403
817
8643
877
5005
6591
8837
9002
8910
2462
6257
8279
6804
6891
9357
9724
1352
2152
1518
7820
560
1280
4355
1991
1861
4032
1755
4293
1954
781
7524
6235
2320
7017
6509
8434
9090
4822
2995
2501
4468
190
7584
1297
4185
1729
2305
7068
825
3302
3950
5786
2414
2662
5805
3996
6518
4477
2328
4017
8580
163
7289
6506
9105
3177
3981
2566
600
1859
8864
6496
3067
6525
8609
3609
7716
1723
8581
3053
6917
4737
3447
9109
9505
139
797
5208
5859
1178
5926
3294
4796
7391
2835
4635
7446
6613
8852
6964
2273
4596
170
3907
1807
8974
6752
8265
9336
9736
1666
3221
8357
1902
6340
7183
8664
3207
1388
4029
502
5715
3549
2216
9154
5648
2913
2249
8952
5708
7394
5741
6098
6565
1765
4600
5258
5612
4707
3157
3677
2744
2021
892
6888
5095
1532
6028
6578
7232
6827
2151
8054
4163
385
9373
4395
241
8423
4673
6738
6824
162
9000
4523
9767
6197
31
8163
3072
6326
956
5582
3899
7467
9229
8878
2407
6241
3725
1646
2235
9449
2037
2173
1243
7839
5455
2106
1398
3384
1221
3036
2536
9998
6813
4622
6749
3598
6701
7484
4881
9503
1139
6118
7454
1578
1457
1654
9478
5118
2541
7754
2731
800
3982
299
1905
3554
1587
8891
7950
4557
4777
9506
3360
3484
8820
1076
6791
2938
569
5396
309
6620
1088
5577
7760
3655
7035
7090
237
4770
5248
632
9609
4363
8657
3845
4649
2349
3465
3593
5000
5819
3082
7458
2596
8232
7473
8533
4512
6364
7253
659
5155
4061
8093
2023
5446
5775
9367
2774
9179
5702
1137
3956
4159
9721
1117
834
3660
9122
4977
1064
1057
4030
7619
9437
8464
7178
5463
7686
7938
4876
1188
2130
1940
6420
9445
9384
53
3252
8354
7880
7810
9007
9168
8890
7274
4173
1888
6437
9760
6968
4567
61
6319
8454
8461
4554
7176
4787
6110
9746
1334
3337
9295
4543
3755
7742
3235
8348
7154
6878
8343
9651
7732
6252
5469
6169
4313
1960
5837
3745
336
9463
3395
1124
6671
386
5359
6143
2456
4238
5233
1240
6343
6861
8564
8731
7355
5517
4404
578
3454
7311
4141
2035
9731
4962
2450
6563
9467
8254
118
8040
5508
3292
778
9117
6895
6386
3188
5148
5677
1656
1379
6996
3767
5653
4730
5475
1640
4511
4077
2144
5688
1141
3010
8058
7602
9567
9073
8913
1573
928
622
2612
7934
5530
6063
477
7892
4879
9699
1703
8256
5454
6532
8328
460
4346
8002
47
8475
1390
2355
2149
4701
9151
5784
7463
5980
273
3952
1005
5008
9874
9508
402
8387
6119
9140
4134
448
624
929
4665
4057
5567
1540
581
2988
6192
252
1060
8196
906
8160
7361
7213
7746
74
3475
1479
6009
1971
4639
5801
2431
4630
3918
1491
1000
9958
9483
9817
6043
5800
9801
2230
1725
9928
9791
8559
8768
279
2136
1424
6528
9368
9723
3589
1317
128
6815
8931
6876
8261
6933
4100
8180
60
3742
9473
7336
3504
1385
6893
7386
1475
3729
4542
232
6383
9666
6920
9454
56
5212
5591
3812
2400
8368
1560
7862
6487
5127
3932
5090
9308
820
6195
4684
1628
3179
1829
7404
5147
9983
8655
8919
3567
9241
5826
6053
8579
6069
9482
8516
1166
5514
4774
6656
7445
7465
8539
990
7332
2282
3232
3545
6812
7064
1866
1527
5102
1883
1102
3829
8210
1889
2642
4236
9162
591
8175
6445
1223
798
3379
1776
9793
8253
7009
8540
9420
7952
7193
6472
1609
792
211
6548
7453
922
1921
4132
3056
2300
314
2103
5938
648
1072
5294
149
2652
9327
3024
6963
158
2702
7091
4724
7605
2241
8004
3350
1453
9728
5313
6199
2915
9507
8950
1429
1226
8962
8712
1993
8517
2200
7910
6006
3500
6634
4227
1002
5068
7920
8523
1763
2263
2947
5696
6291
9957
3381
6514
3101
7701
2070
2781
5340
495
8406
8616
6592
7780
8417
8063
4454
23
9660
1579
2146
8949
9979
3628
7452
2495
9896
2340
8200
7662
4419
9210
419
7843
1232
9539
2518
1198
1371
9389
3321
5423
6793
6188
4711
137
6013
6272
8449
7823
618
8830
7740
7195
5413
1648
5562
2748
8542
8198
8457
7275
440
9552
1898
1394
4695
6660
161
8322
9939
9231
7970
8021
3401
4716
9041
9615
3873
7982
6288
2979
6223
6422
154
9047
3088
1157
8754
7717
4674
3123
9608
4831
5016
246
5639
9647
8158
2925
2829
9792
888
4698
6522
9360
2555
8920
9038
2703
970
3788
542
3855
7399
5548
5012
7110
9481
5891
2634
5785
8725
9252
3778
9926
4204
6587
4411
4545
7438
9044
2132
4610
7873
8993
6810
4562
8326
7631
2523
790
2285
3318
8299
9067
8374
7296
9495
2345
3326
1913
4659
4893
998
8925
1144
7801
48
4107
8105
156
9653
3272
2672
5975
8964
3361
7019
1797
826
4662
123
7240
966
5464
7025
6475
1881
8329
711
9236
6574
5526
5871
7826
7664
4942
5654
4571
3011
5703
1133
8997
9269
4226
1227
7607
8531
1701
6081
8766
1608
5334
3489
7187
5522
8842
709
5282
7614
1360
2022
8907
8435
4871
8826
4927
4891
6231
169
8941
4089
3801
4429
6627
3842
8854
8320
4301
2017
2464
5044
8839
1160
7624
955
9707
1805
5737
7841
675
9770
7173
5624
5063
9380
2803
6905
146
8915
6418
3697
6590
6830
1511
5436
7968
5361
8873
8809
296
1341
869
7856
8056
5416
132
1182
2133
4857
6193
9287
5275
7044
4712
2201
853
8500
3434
6864
5764
5931
1486
5597
2554
7654
6473
9847
8727
8430
5407
4680
9772
3047
49
1775
9914
9444
3629
8661
6485
3482
2787
3476
3876
9331
9735
9984
3227
7396
9093
4502
1513
4937
4488
6648
9769
1734
6007
1052
8921
4616
9763
821
4672
259
9672
3415
5799
4297
4702
1046
1697
9558
1027
9832
5379
6230
108
5487
5524
3339
7735
7881
8863
7432
9602
3927
8440
3818
6672
7207
8495
4104
831
9534
6400
8514
836
7303
8561
9670
8861
3611
7728
5142
6758
7003
1333
7328
3809
6520
9125
8689
43
4207
257
198
3483
8597
6621
8356
3787
1692
6259
1811
3969
382
2725
1872
1823
6092
1523
9943
1303
6368
2962
6981
9842
5229
788
5092
58
1322
2220
7567
846
1815
7382
3658
3499
3685
1851
7676
8622
1375
3893
1237
7610
3856
3364
5692
5581
5629
7235
8035
7531
8149
9448
21
6085
9432
9316
6255
2753
81
5539
5554
664
2426
9575
8305
2857
6884
9614
7755
3094
5207
2780
112
3352
7448
1952
5844
8332
6531
3365
9427
7306
2603
4148
6795
6363
4311
5354
1439
4008
2504
9381
1269
8277
1080
9825
4818
2028
7074
7916
6099
9730
286
8681
9400
6177
7117
4558
1998
9024
5099
4955
18
9946
6416
9487
5023
5352
1919
2547
353
1553
5278
4357
1839
6111
950
4331
1456
8708
6947
806
2849
8127
6381
6659
1526
2267
3678
7918
6874
5485
8558
8787
6074
4250
7024
5673
6544
523
3491
1142
5834
9419
9205
2980
9108
5194
3130
5341
7084
529
2914
4611
2069
7177
2816
76
2054
4369
8728
4878
6735
3713
6695
5048
4341
1019
7900
92
4980
8841
2333
995
4340
6663
8455
4344
5462
780
8217
4560
1517
1992
9350
9729
3000
1454
1795
5325
4781
3985
2318
5117
2502
9620
3407
5766
262
9538
368
9477
213
1576
4568
6398
4625
9120
2430
5823
7077
5047
6297
2759
3099
9031
5928
5641
8045
2628
2795
6527
2799
7949
2674
2750
1211
4424
1505
3022
55
8879
3250
4595
8903
1030
2466
1296
9819
4930
2352
2387
8077
9147
6194
2641
251
8285
9106
6775
8468
6727
3770
9511
8945
1420
850
4084
584
3168
1466
134
727
8330
3189
7206
6280
2877
6392
7679
8327
6669
9132
8071
8089
4657
1164
1460
6667
661
8586
9310
8313
2420
7118
6468
1736
2865
7730
9785
5811
8165
2579
6900
429
103
626
1151
8814
2187
375
4917
3882
4105
6537
2217
5408
6305
4123
5347
9515
5531
7447
4473
6121
1193
8676
3572
9028
642
7725
9008
650
505
4772
852
4285
6160
6575
321
594
5480
550
1585
1820
3980
6301
3702
4386
9402
6989
9211
4343
1761
4970
5949
9261
349
6353
9459
7514
9501
399
3824
7911
421
3211
9658
983
5080
9562
5429
301
1615
3269
7172
4860
2007
7104
8554
3467
497
172
8746
570
1286
7618
5223
4234
9342
8490
9715
3777
7764
2699
1787
2262
7681
6953
7130
1997
8284
1195
9790
4820
7674
6317
1858
2639
9542
8753
1766
129
7535
2532
8867
8665
2119
9782
182
4071
224
5382
5400
1679
5355
8078
2825
7308
8082
4668
6220
7343
5665
3440
125
6038
408
8912
5727
5614
3510
3473
3078
3049
6863
9233
2127
3881
2280
5962
8052
7430
2595
293
2782
1036
3020
5424
2364
828
7917
1848
6447
2997
1583
9192
8771
7538
6215
8057
4318
5858
4335
9753
9130
4853
1106
2676
7259
3756
5363
5832
6595
9898
2624
4988
4060
341
6162
3592
9366
4364
1474
4274
3169
1070
4240
4650
7678
372
9663
7029
5986
6226
8996
7834
5220
6653
9624
5918
3471
573
6614
5990
8976
9804
1870
4767
104
7660
8895
8794
8168
6232
7294
6450
400
6661
7703
6243
3377
46
7525
3103
6036
8960
7352
3002
1541
2837
2057
5756
4349
5519
3057
4028
2704
839
5647
6562
2610
2029
1543
5991
5828
216
2961
6882
666
4848
6546
5328
2129
3864
4330
976
8413
4849
7533
7512
2952
656
9479
7205
4553
5249
5763
2473
4827
918
3891
5315
5288
7344
2926
5881
7846
8173
5066
2869
2499
1649
6913
1043
5271
4409
9183
1716
8827
239
7245
5544
4194
2341
5518
5782
7549
3187
740
8608
6698
5695
1624
3330
951
9603
8602
3418
5760
3966
6430
4550
4906
9761
1663
2150
3240
1530
2269
2281
9283
7613
8815
5139
8222
4645
5129
2701
8156
5718
1878
4572
184
4825
633
9407
9371
4167
4556
3727
1148
8493
4685
7066
3863
9312
3071
1678
772
5902
456
3243
7228
4358
9556
1840
3737
4073
4952
7227
7500
8943
3238
2601
2481
807
8936
2560
4458
3058
5474
1090
9794
159
9281
4651
9447
1093
2745
4644
1209
6396
5143
2754
4246
410
8055
5738
9606
6484
766
4623
2437
4587
4939
4669
7612
4629
5384
8241
381
2182
4015
42
6828
1343
7475
9294
5403
3205
3445
4174
1821
3478
7867
8280
6784
5594
8126
9809
1759
8236
647
8675
1961
8150
7230
209
5842
3953
8182
1986
8617
5915
9879
9525
4900
9
6818
9877
1179
7967
5366
1441
3391
2545
8484
3032
9936
5062
2743
5814
7059
862
8122
3513
78
2041
5982
2494
3018
1976
4230
1430
1325
8112
2323
2729
2607
5545
4693
387
4997
2177
4935
9554
5219
4964
7853
7461
8155
5626
7340
8904
5890
5542
4854
5652
1287
8141
6349
6244
2667
6448
9255
5
4169
5176
8251
5200
4470
5969
6124
9900
6580
7233
415
1259
944
7298
4045
3112
2637
1836
7656
537
6304
7787
9180
4954
4055
8388
9199
4839
6024
1051
9060
5418
3362
3201
1582
8411
3833
8311
6031
676
8694
4452
6869
9118
2592
9980
4327
6462
2369
3084
475
5950
5963
4648
7769
7638
4266
1250
3839
8535
8172
2866
2912
3733
1467
7895
5977
4739
6411
6707
1032
5447
943
5003
450
5442
315
6213
6306
1449
1990
8120
3003
2388
332
6157
6921
59
2882
9652
3650
2971
9600
8876
9304
4233
2893
131
7449
5953
4218
3960
2551
1067
7119
1480
1285
2564
3495
4091
1302
9170
7165
511
7930
4145
5877
9175
9186
9517
7016
3419
2085
1830
4269
3298
4333
7527
1267
3283
4338
6577
6526
9908
8673
6117
4007
3301
3520
8536
8817
3468
6147
9722
9242
8129
6246
3642
1501
9685
571
6719
9345
9962
388
5691
4255
7943
7492
3048
8125
8656
7523
8153
7836
6229
6700
9091
8532
1176
7827
102
8570
8392
7155
5954
3121
9104
5820
2908
453
6293
6283
4872
6406
1103
7478
692
6984
5672
8038
7576
1448
5375
1265
9973
3488
7963
3750
4667
3883
9064
9034
8376
7290
225
328
9258
2904
9799
1718
1535
8966
4516
5216
1768
3105
8302
4757
8489
3442
9466
1554
4507
5210
3851
9244
3896
2010
9296
9189
7099
5465
6742
3314
1447
4210
1039
2286
9037
1966
5852
8639
7134
991
8394
1101
9768
3480
8026
3429
4347
1975
1636
7586
8090
7882
2577
2814
180
7425
2930
3386
6507
1591
6431
2472
5903
9276
3200
747
7188
2406
685
947
4081
9393
6582
1212
4243
7878
8799
994
1793
883
6549
6045
7677
7042
940
2392
1720
717
2099
1154
3914
2755
1389
5621
5187
7032
5292
5093
9810
7450
8103
2404
4025
9344
5457
5984
7063
786
3665
9284
4118
7351
6717
90
9363
9019
1190
6566
1893
3098
1477
4719
4599
9321
7530
8571
1306
6962
3799
357
8373
7184
8707
8469
4
3674
9945
2226
4012
6560
3308
3570
3858
4469
6637
8395
6346
3764
4694
7281
176
829
2498
8784
335
4790
5322
5670
8900
2441
9324
3527
6446
9070
9013
3668
6247
2436
1912
9510
1686
9333
9464
7903
4813
5336
637
6955
5260
8582
8473
2821
9157
8969
6705
1004
3634
3779
6125
3371
8620
2697
7309
377
8042
1006
1890
466
6460
9214
678
3806
8838
1307
105
9218
4086
6781
588
2936
8923
4864
2650
434
6772
1309
2647
1042
7546
7103
510
7321
6044
4617
9181
4225
924
5317
3494
1808
6766
7822
9545
9221
3616
6619
4836
5353
9348
3749
8382
5267
926
2838
1290
5263
8315
9882
2757
3228
6807
7072
67
6376
3178
222
1981
7246
5165
6313
914
9088
5762
9504
629
980
7004
2278
498
9942
9565
1482
8775
2721
4976
6455
4258
1300
2789
7583
2887
71
5770
5119
2283
2940
8487
6138
9798
7932
5370
8446
5511
5849
1771
1361
7287
7653
492
355
3397
1421
1664
7726
5045
6218
223
6741
799
701
9080
4430
7263
9124
73
8811
5796
7123
6923
1185
5985
6094
3366
457
3134
5428
3853
7553
7529
6561
1083
908
6167
9531
3580
7350
9023
1598
5772
810
6851
5604
1802
2062
7731
331
5084
9855
5997
6711
4039
1017
2277
6263
6770
1244
1411
422
959
8825
1941
7534
2335
1373
5029
4308
6140
9766
8010
111
4958
9580
2784
9781
580
4428
558
6799
8739
9524
3646
5913
5383
1731
2870
7986
5504
319
7574
1498
3173
8504
1655
5603
1414
1363
6452
7422
6337
9003
4547
8159
9797
691
4804
7180
4375
8749
8980
1903
6281
7443
1595
6186
1153
6269
1499
7632
1747
8296
8006
6361
1635
7229
7261
593
5929
1633
6456
3751
4277
7132
1342
62
4904
775
7256
5160
8072
4633
6318
4591
186
1329
748
8778
913
8729
77
9844
3119
5175
7626
4317
7462
8990
2493
2351
2867
8167
5387
3477
65
9153
9085
9765
4897
4400
1396
3234
5049
9249
7268
6020
4222
8513
9677
6185
2633
3817
9788
119
9536
8107
2167
1561
3964
613
4224
7420
8486
3925
4408
4179
6003
2550
6146
1092
8884
7407
7483
6208
1800
6746
4043
8669
6650
6315
302
5734
6440
3039
7979
9076
2797
7141
8024
4768
1273
1959
9848
7129
5874
6328
638
2885
9778
9527
8859
9543
8106
5556
5059
2828
9627
9963
4190
2813
3743
1738
6000
2644
2067
8823
7223
2027
576
7191
9068
3338
8419
3654
1566
8273
7542
8601
8074
1742
1478
7421
984
5433
8028
9326
1796
7969
2669
290
9974
8674
8573
1165
9056
4969
8716
9386
1159
303
996
7663
9621
3800
9410
4967
5406
3514
4184
4457
1381
3114
719
8463
3847
261
8795
9719
6055
4844
3110
9441
4552
7643
7366
6971
5182
7087
9594
115
5698
6302
8162
230
8044
4769
4242
7243
9671
2015
6465
1744
1904
5724
2403
9757
3296
7547
6101
4656
4929
3632
5704
8761
6678
3458
197
1970
150
3074
7161
5989
2895
7226
4809
8499
4426
4810
3041
4865
3029
452
5279
6967
6483
9494
2955
9394
8478
8751
7144
1344
8905
3354
7835
9563
7615
3346
4524
868
764
8600
5978
7181
6596
7264
7162
1258
2539
4490
5593
6999
220
3667
9424
5765
2098
4097
997
9986
6576
2604
5976
6401
7327
3714
3901
4919
1721
4535
1594
4501
488
5917
1597
5300
9279
5087
6625
7015
242
5559
5502
3180
6212
2380
2077
840
4605
1972
4793
7782
8968
4812
391
1271
5024
6345
5535
7840
7139
8015
6706
3466
4924
4569
6652
6238
166
3911
8271
9390
5037
9802
6408
6389
5532
1263
7792
2471
6847
9317
3016
3561
5527
3369
8123
4715
3444
3781
5934
217
8737
6997
7590
7331
3143
7196
2155
4743
2107
6330
2723
6589
4914
6567
7519
2712
8470
2205
4442
9644
4956
4759
373
3212
3185
8509
3229
1324
7581
5836
5121
9820
4249
5868
8750
2342
8772
1667
8649
8874
9965
2500
9191
4155
8999
1850
305
3253
6679
2172
203
5779
1922
662
4972
9667
1327
8192
7385
1507
2408
2535
7325
2105
2080
3559
1724
4982
168
7935
6681
175
4626
2274
5506
7464
1978
6846
1956
3811
9048
7616
5222
6870
4833
5432
1873
1044
2402
5495
3992
3503
8324
3210
6289
3987
1192
4742
9262
6421
7160
8263
2036
6135
5725
1575
3957
6196
6203
9496
5214
2180
9827
6551
8818
4175
3469
8064
4137
4688
4686
6276
7698
1048
2347
4102
667
2709
5617
8272
3203
7942
5439
9470
9718
5304
851
1841
6112
2265
2599
4675
1869
8634
6726
5829
4228
1631
8662
6474
3277
6029
4602
1112
9755
7957
9301
518
2087
1069
4786
1031
4353
6665
4068
4273
1455
7866
3122
4806
2233
4513
5345
458
1038
7844
9480
1377
8491
1085
4380
9406
8651
2296
9734
7479
750
329
4389
3904
5966
6521
6010
5054
682
3026
1210
2401
5806
8436
5456
5255
2939
9688
9795
3877
5646
9997
1177
499
5894
5191
3707
2326
6189
6066
2211
2123
4087
574
777
3690
9123
1588
6171
189
5541
1801
3109
4551
724
1001
7889
4540
8231
7722
5751
9145
1310
1082
45
8429
7896
4405
3711
4334
8938
3976
4074
5636
934
9550
9184
370
6273
5553
8370
8618
7221
5925
8062
9376
1626
3673
7060
5529
4417
2758
1867
406
36
7515
6107
5610
6757
75
1852
844
6732
8403
2688
4494
1213
7926
2923
5853
478
2361
3599
653
6944
8783
2422
2678
2439
6130
5689
3034
7440
9033
8937
7040
9163
8197
7341
9388
7349
9686
1651
1010
5827
8183
8610
6937
1110
2900
3970
3574
5749
8131
5124
2176
2815
3507
352
921
3236
2231
8671
9680
8453
2587
6658
2571
7131
884
2673
1962
9004
601
9560
1629
9954
2469
6845
6050
5930
5483
3532
3596
3822
2694
4564
3086
823
7136
2329
4474
6794
9438
420
6434
8069
8883
6114
617
7876
6190
7247
8065
4608
3162
3136
5993
4151
9993
8511
8194
8973
6857
7977
3670
8144
5713
8396
3739
763
7056
2990
6088
838
7217
8202
3965
193
1661
8187
553
614
9352
5250
8177
6469
2327
9320
9273
960
8880
1225
4588
8956
4663
7471
6011
8869
9343
489
8048
5643
5661
3242
1842
1683
9267
3698
9484
2348
8318
6747
194
7509
7648
5598
2195
2142
3577
769
265
5794
900
5611
4142
1745
6030
9397
6172
487
6481
6713
1494
5630
8717
4199
6222
3933
9581
2770
1228
5706
5965
4003
3042
9886
83
4631
3997
6027
1278
5566
5166
3046
3984
4113
2453
7520
4305
4899
4021
3848
6338
2313
9571
2184
7503
5669
1915
6341
5443
6175
755
2083
5283
3388
4677
7941
6530
7137
7879
6309
426
9391
8110
6982
8113
9059
6975
6632
882
9646
9335
393
8181
9069
5264
9717
2487
7012
2528
5017
8293
1401
7627
3312
2301
5218
2575
8705
4023
7845
7729
7666
5190
6583
5136
9486
8169
3451
2957
3266
6384
9171
2600
3233
8118
1022
696
8843
455
5600
2740
215
7375
686
1323
865
4348
8584
4555
2001
2090
2783
4251
454
6019
6715
3146
4491
9640
5701
8856
3158
4010
8350
1886
1860
1336
7707
6519
2886
1202
7203
5547
227
7305
8344
4847
9568
8371
3268
8416
1571
7491
6352
8097
7860
1264
9887
5144
4329
894
2166
7528
9861
1617
5301
7972
5232
1291
7721
9213
5678
9222
5114
1326
4119
126
7113
7651
348
1806
1819
9935
3095
6605
9955
2505
5074
7496
9313
2976
3983
9927
7313
6740
5768
7254
5889
2890
3137
8400
1132
5291
4921
6158
8629
2458
2996
4920
8102
2917
6504
9546
8114
1339
6662
9293
4764
5174
5461
8242
2540
4867
8871
9270
8188
5287
7711
8906
3156
2212
7258
2531
9089
2620
5792
6966
2998
4214
7775
5001
8918
8894
2608
6040
7510
8067
7043
9649
8860
867
30
6626
8049
4518
6760
2398
2978
8427
9043
1891
3347
6820
1282
6097
1376
9274
9676
7594
6972
8706
599
7776
7179
3608
5721
6402
2685
7075
5627
2381
9428
9194
2924
1372
7758
2395
3525
1584
3196
1384
272
552
4984
2363
5476
8098
1515
3563
3436
6840
5968
313
5178
9491
5912
4460
2386
2221
8223
3676
715
5644
4252
630
7706
8548
8590
1434
6277
5795
298
4244
6093
5378
3582
2696
6355
4332
1812
8791
231
3331
4642
8352
2651
2605
6542
2194
7363
4725
6608
8291
4515
545
5599
9700
7974
8094
5722
7304
5394
5245
1387
1175
8588
2225
4158
5033
2419
875
7797
9645
3682
4938
9001
9471
8527
3408
0
9143
3519
3641
6041
5595
7428
6262
2353
3310
3958
8281
2208
5910
5730
1934
7397
689
2800
8148
2859
7718
2293
5810
4139
4529
7067
4321
8801
153
7000
5482
1203
9305
13
9514
5013
4736
5405
3091
3870
1194
3825
4310
8704
2084
1846
7442
4614
4941
5546
7808
8757
2847
5507
2171
7272
6873
2796
2088
427
5937
4528
1025
8942
9208
9018
1542
2730
3132
4652
6927
8037
22
733
207
6267
8161
4548
4272
771
8685
9598
436
5372
7819
4696
4147
3505
3219
1551
4099
1612
7551
5833
5273
3222
8835
2059
5973
7572
4951
2032
395
8301
710
4618
9611
2322
3230
9714
7198
6366
6974
5367
3295
6347
248
1147
6042
5940
6939
3929
3182
7548
8007
8228
8659
4640
9758
7747
6279
9526
8709
2760
5146
7011
5731
2183
5687
2581
6165
3695
9129
3431
713
7367
4670
8193
2218
4987
8623
7951
3804
3349
4840
6764
9564
8209
9158
579
4747
7414
1426
5254
8031
8760
6776
5130
3438
8214
2941
9607
4925
7339
8215
2537
9087
3007
7476
3789
7597
5856
6039
5499
8498
5743
6744
6699
4832
5018
5498
7875
863
6852
2443
1753
3
1242
9917
4467
9916
2188
9583
8992
1365
4692
832
490
8702
8346
5295
9839
9460
8744
1728
2033
549
8099
1625
3376
5253
5742
8239
3231
4664
8297
7719
7944
1687
4505
5448
933
6403
5230
4216
4455
3012
3948
7558
5051
3861
2929
2606
9144
5078
6743
2588
2738
8745
2116
6572
2765
6883
3659
3547
9472
1100
859
5401
8916
202
1319
6768
2684
8502
4287
5847
7552
752
4080
8203
6769
1150
3625
4352
1037
9230
1838
409
5879
671
5825
9299
4658
643
1056
3836
1620
6035
4763
9566
8648
615
4449
6691
7763
4508
2360
8929
6949
7315
7406
8347
6692
9745
993
1533
3043
734
3080
9911
2880
7208
1844
6731
7861
2102
7589
2331
1600
17
7109
9893
5344
8637
9409
3351
9468
7599
6618
9888
725
4144
7302
9285
4995
8260
2764
1246
673
4339
2707
9338
6170
3293
6374
3947
1680
4205
3213
3868
8378
6068
2114
2569
1562
515
2163
2515
3432
4320
2397
4761
9880
8362
8476
7939
9863
8134
8719
5778
4706
8971
6022
1756
4182
9257
5592
8422
2227
37
860
8985
389
654
6202
3270
4066
3903
229
4237
3521
6721
9796
9587
4149
1444
7761
275
3216
6991
6600
1955
6490
3279
1529
9967
9833
4913
4717
3635
4606
2413
1405
6021
5152
110
2314
5971
9803
898
7770
3256
8060
5656
7727
5298
9148
2294
9032
8647
4040
9254
8613
4778
3718
3639
4152
4135
9530
4689
8686
4753
3860
9703
1539
5933
3502
2325
8733
6018
4923
6606
334
6369
1630
9664
4620
4783
7863
7030
566
2691
5787
5699
2963
4792
9383
8866
3461
5083
9173
7374
5635
8367
1581
6495
1694
7329
4915
4613
7647
9920
7252
3941
9319
5663
729
6479
6931
3612
1422
6054
8984
8697
7436
604
5391
2096
1760
3311
765
3163
3535
1370
2786
7518
5015
9272
6079
2836
9972
5011
2670
4306
2853
9110
7659
8121
6677
6867
2050
138
8189
6615
5983
830
3262
7145
3562
9206
2475
9808
441
4153
4094
9399
6380
1730
5873
8451
4413
7384
9585
6134
1129
2509
1813
708
8349
7992
6161
9895
3681
6106
8404
8085
7777
6339
1764
3530
9708
2417
8808
4284
8847
3652
5181
4162
4537
8834
2109
7439
1814
4755
9457
4337
3886
3501
5221
9572
4726
2576
6778
486
1347
699
8560
2159
1345
54
9516
4000
1013
6755
2141
8575
6839
9836
8549
4085
7112
9021
2746
8740
8306
9659
5314
3306
8505
6814
8773
3662
2802
33
1514
8171
2689
7550
1751
9902
2451
1492
2095
9240
9134
9094
4383
3106
6685
7791
911
3796
9298
3995
9442
6148
9332
2589
964
8583
3443
3564
5640
6789
8935
8908
3108
3867
4852
5071
5862
9970
9815
9423
7437
4802
8687
2959
9453
9622
9903
9635
9009
530
2005
7389
136
2665
1427
5651
7996
7804
6756
345
7885
5497
3526
2654
621
8399
7036
7093
1563
4679
9493
1442
501
4609
1536
7521
2338
6948
8014
2078
7759
5898
5034
8142
1995
6977
1261
5257
1877
644
8151
4918
5682
5435
3446
1331
8998
3299
7855
9372
1994
2175
7095
1782
1689
4448
6928
2158
1672
5274
3515
1849
6748
2043
1079
7485
2303
7020
5079
4259
1215
438
7893
7544
9137
1619
5761
7919
3259
8174
776
7803
9392
1428
1621
7842
247
414
5650
3064
3145
4289
7767
3704
6617
9224
6970
435
8981
1715
323
8924
5311
5887
5409
639
2108
8652
5452
1792
7021
6463
4290
3373
2583
1298
5533
7010
5774
6633
4890
7652
7965
5238
4022
7871
4373
6379
2068
3601
4538
9247
1930
5793
7948
6668
3831
8862
4261
7107
2259
1939
5204
7579
1034
3217
6292
916
3113
1135
6787
7709
5237
4590
3045
9588
592
1534
9681
9872
2621
3033
4316
4323
271
1104
4265
5662
1674
575
5082
3917
3717
2668
4067
3888
9040
8954
2298
2248
6958
8512
3703
1644
7739
2714
6635
9523
9488
7609
2484
3653
8136
9408
9889
7540
9629
2534
5623
3536
1691
1320
3759
509
6316
5009
5025
9237
1214
3916
369
5202
5358
4098
7356
2736
3850
7282
8902
4315
4521
3620
4278
3595
10
9081
2626
3244
2476
3052
8480
6095
7931
2004
1181
4907
4601
6554
7192
4700
2981
7608
749
3643
6254
9086
9027
3290
4585
9899
9280
1266
5365
8844
3826
4114
6163
533
5269
2135
1256
2122
8039
9929
1356
7157
819
7850
1732
269
5296
612
6391
7940
6904
1400
7354
1987
2153
9573
4994
8255
292
507
2982
3568
310
3795
106
7702
356
7086
3990
8101
6842
5468
7148
5010
4896
7644
3282
6426
7603
6961
4326
407
2852
5089
9187
1127
9693
6390
6258
3517
6797
9869
4215
4365
70
557
8005
6076
9905
7966
2031
2034
5588
4283
635
6070
6639
4733
1081
2793
5534
7756
2585
5094
6599
1368
3762
472
6646
9379
3518
4522
7088
7851
2680
8967
6427
4401
2718
9492
1555
339
987
3890
4303
9981
5438
9303
6616
5580
8810
731
9176
6932
5137
4859
4536
9742
809
2488
9684
9260
