10000
15187
7845
49543
8777
80686
18781
92453
50083
59644
45631
29848
66599
61354
56730
70559
86682
61927
44045
21255
48600
20228
12926
69981
31648
61043
7412
61917
68666
51218
94130
70793
65665
8353
76753
64310
97137
41966
42553
5312
47597
31986
34907
48478
27693
62005
84845
54160
13923
91724
86915
45941
53513
88195
6790
49689
83080
70805
34004
5867
68647
59672
39061
812
68878
95286
25973
39395
31382
89109
20258
45390
16112
12184
77476
46067
46062
23711
64755
36341
58386
7274
12090
17890
44113
92539
21639
74345
94243
48568
86123
63753
201
82800
77364
24676
92476
70869
16164
95762
36462
61543
49326
31058
81055
5362
31245
54428
11231
70061
8961
52913
64634
99332
18567
71860
89029
40976
50579
92626
98404
97857
75117
12668
11573
32605
77029
8757
62044
72547
3540
48295
69388
99592
33841
91152
48655
32259
73580
64314
32786
2788
97866
47945
46320
61854
81310
54125
98010
56038
85056
55991
68320
6099
26317
12104
41790
46053
60987
34404
15173
73923
30327
37958
93764
71709
39741
87405
55508
14127
42611
36340
62589
38
17187
17504
84840
4253
91507
51826
7042
60641
18722
36316
80778
3955
80801
27888
51224
5003
12651
21908
90825
81946
12227
28370
69131
55720
26537
11788
94561
78427
72952
58924
10963
75193
14559
29178
6838
87205
50265
72103
67443
57765
82380
83685
8343
69188
20315
75961
84343
81940
24392
44553
23197
65035
9962
35664
51667
66862
8038
58449
48011
96331
23597
60520
13160
66976
62450
20827
20749
76665
29894
10959
13440
76886
78866
35351
94587
51499
79216
38504
33519
42626
41479
12936
79988
33851
30529
37220
89586
43603
42442
68672
80261
61154
63751
34282
40753
798
44049
4040
99490
70494
39565
37327
17374
81817
67241
62965
36393
21772
12277
99902
22452
74554
45179
36787
52324
34765
61596
1106
62586
43771
35081
19614
23332
45765
52730
51606
12352
21657
47343
34243
87592
96119
27745
66859
88799
76112
81508
21924
84342
58634
14908
89666
74299
33952
69688
35056
38142
32454
39375
90621
36129
14827
19574
84174
85852
2807
77787
39058
47371
27187
27457
83635
72724
27976
17944
18215
44856
6368
31352
75462
70294
77673
21274
45174
11990
58840
54451
76323
11833
86954
45870
22250
74234
43621
35301
20180
5441
92957
86012
58624
73828
6866
79066
48057
14362
8695
52292
42727
57246
10253
86456
31553
63740
79726
65507
79488
47035
13222
13951
53006
89223
50652
90541
53437
16154
94766
81386
45173
91974
21402
23217
36901
59073
15961
29902
40347
20494
28421
99258
1966
88708
97020
26488
9272
26429
94653
39050
87234
65917
80975
46673
96599
93277
14464
39583
36346
97107
79435
38074
40500
97888
22483
34192
95717
10901
2796
40562
99388
79587
18585
69198
36930
55166
90991
25613
17968
44813
24057
98533
6496
4976
41813
88572
65057
64206
88411
60442
1445
98299
45470
44489
10197
44770
16075
37228
31684
87125
7246
9049
71168
77070
40277
44980
66885
10080
87404
19018
27531
91583
30438
13159
65952
71945
29661
44084
52977
55823
13137
66768
94497
90052
83468
60138
83644
95233
12135
92728
17317
24595
76069
1752
3660
14242
19773
20448
63483
39998
40405
20323
57135
52456
61769
50051
89892
41498
40395
77998
57578
92660
40421
9431
70419
24356
50394
68337
89358
95537
23466
27850
29070
42084
53236
1730
80995
80884
78678
19366
89130
94893
63408
36832
80156
16838
66415
39442
79225
54692
97437
16528
62384
13820
86209
46207
398
78346
12435
7150
81734
90169
42644
17057
80861
99679
1675
55113
44760
29443
40442
26964
35359
10655
36924
2080
79054
68032
70461
42475
72312
93898
374
1575
18041
63577
95651
41545
12214
51810
6659
91424
23859
30552
17516
85346
35473
40874
16072
67650
78465
94441
99184
73214
92586
87496
82787
97621
659
55708
23746
10678
74189
23715
92236
69555
3008
38145
29745
11189
7697
66277
63413
72841
31756
1834
5956
44759
5876
76537
34252
83763
72356
28780
61243
55756
98017
92813
29558
77794
89886
54461
28626
14486
37643
92785
89171
25
98364
33623
90623
83270
74993
10070
46142
29227
17191
72851
43057
45410
88826
50864
45484
99839
97397
13839
56241
578
9432
90164
89801
52684
87461
67592
57122
90446
10951
66266
40352
57564
25663
6976
47969
54785
23916
40123
87698
4044
50294
90200
39303
79880
39671
35827
37659
48682
90567
38198
68612
53379
21187
11071
52017
12470
35929
36864
99492
26595
8019
79840
31270
8001
77789
23647
85867
78538
14869
50134
34275
75856
21358
87197
92026
17069
60832
5830
76697
39247
83878
39753
1909
56407
52436
25922
95716
90865
15050
52332
80249
8837
37769
79034
42954
83212
19769
41297
19844
95360
65389
54855
93593
49794
4517
12958
90325
89607
80141
54615
85838
39105
14435
98132
4378
76038
24342
60623
23290
35679
57545
10032
88275
79215
65975
72765
65598
51601
83014
24821
53217
62659
59858
93645
94663
2708
42630
48964
30914
52908
98380
29328
47184
88496
84345
98486
51622
90089
73740
23388
52568
7586
13987
28023
59207
56336
4345
31518
38727
72140
96544
58431
26444
412
36247
51919
97905
6512
78984
47709
23940
7303
49121
92256
63217
36786
85900
69359
24106
44048
67886
89487
11536
15001
19640
54375
36224
35190
65101
79375
80413
66029
93201
35879
13429
41403
55370
66788
31027
35386
76471
64933
51841
53730
20361
56772
22488
19308
52481
47143
91782
59729
94568
45750
52026
34097
39525
36520
66702
73999
44703
86198
56178
9753
43471
56465
7089
85574
1024
58767
3426
85976
10310
28000
52653
66626
90328
17567
27608
44131
69996
30820
49678
61199
85326
79958
13451
7918
71420
70845
39078
36798
81537
30710
38298
37300
18060
99968
43827
26144
52012
21204
92402
2670
43946
65521
40541
94377
42275
18421
83046
99034
31457
74375
29142
84846
15829
98353
58326
93269
66035
93548
45050
6279
1545
93523
94730
20417
49533
61967
54381
50339
83927
54934
94432
27064
34014
28259
20668
43806
88106
81142
62998
66644
64599
64979
24242
53552
845
97136
73994
16284
71255
95936
46669
53099
2194
55158
83268
72694
41665
42297
49201
74840
31677
39139
94448
33282
87817
90773
64351
67419
79107
23579
77722
19544
14071
86679
54655
71124
8942
18381
65968
69740
38531
32842
77942
82938
2838
26802
31683
67307
12570
87013
50032
85983
31721
64909
66053
75581
56119
1158
28855
64528
56643
47178
70059
99042
43882
49784
87833
26900
48630
56832
26699
24311
80692
41678
35877
93098
81891
9361
2335
61328
36360
70087
1934
55981
18143
18695
80385
28701
16076
87530
75654
47985
8751
81366
30700
97511
65205
42281
41028
94852
69643
32383
89345
3697
99982
83999
27102
86064
50910
23240
59230
22009
26897
38612
43727
37365
3555
1126
11400
63862
85611
45909
98225
46321
70185
81045
78370
62521
66940
98430
1700
94393
66832
10747
34035
63246
55988
99986
22821
25503
63274
20555
91876
56570
81207
69214
90391
53356
27354
7005
2623
72220
48793
94236
50877
28132
20215
71001
63921
21997
4098
2091
39165
20455
27241
34763
52807
90050
56715
7129
43742
19819
26635
94957
62644
742
85887
11931
7530
55621
16935
5314
63817
642
66298
10764
5727
75996
310
25339
62487
39437
84901
66643
22560
39035
42945
99009
53568
78615
38346
50989
84809
47269
35875
88531
33235
51437
50782
94572
40308
52750
4423
26827
94462
18450
94506
82212
54197
59837
91937
2791
40747
69471
42878
9994
84154
97193
11474
64900
48606
31612
12279
13750
81965
21117
38176
21156
96307
96228
6523
10977
80526
77140
15424
13097
36195
645
76858
65031
91515
31229
51374
49847
21405
74813
84364
65222
69161
71063
46961
11029
39758
54974
22902
15613
52233
91317
17881
95756
24028
45834
3271
80365
49798
92540
18914
60358
3812
33110
51988
63259
61476
70752
72369
6640
25921
98283
94498
44427
32320
97610
88179
56504
47270
60064
28602
84806
56244
32308
78414
74752
98337
95540
1172
61969
3466
60705
28295
28758
92235
94895
78018
59428
18058
81565
38389
25867
18412
14676
26877
93124
91276
70095
1656
51111
46104
32309
46463
69595
21647
14991
76948
35822
57272
35227
3970
78690
20177
77839
24462
37990
28540
22562
9904
25248
67655
15722
14798
50726
56790
82177
14199
52267
56655
40481
56089
94743
91042
83054
62176
75152
20339
94643
8172
36436
49509
55684
83149
26377
7557
65922
43518
44683
48336
21627
62436
80258
11317
57152
7931
46908
98553
77951
16515
6641
12720
34845
16595
25261
91093
3562
65782
8163
65981
20092
34521
1009
70996
67463
24002
64658
62918
9147
31584
18592
95353
43481
11677
13315
89271
1267
40719
72923
66890
32992
66414
4806
38464
55864
13985
99822
71758
46834
77105
78290
16881
84088
28479
47375
40943
91171
22865
80075
67292
91673
27687
23007
74201
48799
89164
92798
10806
31068
53832
74214
86232
38829
61234
26081
76054
54782
28355
4728
97661
24011
22278
30549
25172
28180
71307
3252
85050
86102
11163
7846
93899
39148
20005
74561
33505
69665
26871
14343
47158
85648
68137
6352
74088
31354
57139
84887
566
17667
68382
65311
44391
74570
62808
65344
87434
98307
76161
58450
54135
45715
53538
98676
43124
40423
68702
41082
93620
26834
98817
3441
94331
19393
8917
13231
92
70172
3571
46748
51171
33467
23670
94391
69230
61730
76683
54695
4214
76347
69989
72543
88587
47438
99885
87468
10974
75072
23990
84926
70040
93318
21230
23664
29639
8004
40177
5046
40826
80518
85464
50755
55745
18681
98286
25684
4983
60615
58723
30333
57820
87886
45850
95277
58011
40508
41693
24224
94474
42922
93520
32801
89584
51697
82883
74746
15393
47885
74209
47482
21508
64300
61893
11745
21717
12691
67596
66507
80238
34597
3638
64769
1330
30597
85458
24073
77617
54008
44901
90847
16920
75057
74168
18080
54280
98371
5985
31787
86960
12712
52973
863
60451
79486
51562
73347
47195
71282
68206
55872
37226
86932
82504
4457
49465
18538
37409
48251
77471
33985
54830
22815
6431
76125
95445
80972
9695
91570
70458
24233
77792
43051
70597
39088
21567
37000
79217
57134
17127
78725
50483
43623
81616
98868
87333
4247
95192
333
89550
61980
25052
15600
24974
96692
64344
20782
79064
19497
69332
41720
74240
14963
86191
92500
25338
23507
73702
61771
73531
27561
41512
1633
8979
26058
33154
51728
14051
28945
58798
77271
62716
54029
62751
25489
96809
72038
41462
19208
63226
7118
38608
57683
43803
81525
22480
57504
9523
72444
47883
95021
7510
87489
4240
62992
39079
569
72498
79735
8334
78940
6131
21866
65522
72089
43278
85068
29331
29642
17281
83520
62406
26755
49014
8391
37038
56100
1356
30568
81811
73966
98439
94153
99714
96274
14480
11354
48161
14181
75466
45841
72589
91888
77043
16239
73458
90435
16659
82210
32134
57161
82916
33668
92994
86135
8925
93726
23421
94888
69409
84305
41586
35553
3744
52706
19457
67764
35966
17313
35988
82417
24097
42444
60721
3472
61215
24919
14454
96999
62737
88280
13250
8207
29498
47201
36929
83401
7797
44202
63686
73240
93053
12205
35015
71631
16824
49931
55413
86181
31489
17836
43511
64965
38961
53412
77602
6690
74825
74096
45367
39432
19550
64352
21817
42029
32225
90319
19209
50983
50186
21325
91712
56151
37408
95837
6248
84195
66408
25594
80887
4161
92712
28757
44809
6574
30071
59130
26298
36639
48259
73265
27229
58639
97309
11904
80283
44888
81189
14093
75915
19517
91150
22144
59210
23779
1582
34279
41240
26367
70149
45684
47887
49290
92039
52097
7424
402
11655
28788
26123
71018
83809
11997
19803
21250
32356
63580
49597
12817
72475
86271
53595
71054
15735
969
35161
26462
76763
42799
74602
90856
90851
86044
86000
24901
76561
62676
52142
65267
23925
12341
80396
16264
51961
42841
14759
40035
38502
6424
25554
15838
20663
95467
86189
2240
71512
21931
83872
27407
67194
43480
71188
32130
17078
98069
78062
64148
38203
22001
30953
16853
9910
43457
81775
8091
62525
48296
44499
34711
13464
72376
37198
99842
53420
58226
60821
81685
83365
29386
73395
69175
48928
50342
64232
305
1522
89733
84861
46398
24505
95740
59843
30366
8989
82011
4808
32234
86401
46831
59605
3297
70092
16352
60646
56705
86831
49659
67846
6194
3059
79722
16903
16828
21184
31710
51259
3672
62380
38063
29139
27588
72126
34842
94193
74832
43550
85129
2347
21654
93691
28817
22367
98695
1528
96693
79469
79295
74228
70503
24150
14010
39188
21679
13999
64801
72015
6116
75106
53021
7798
71127
91393
2508
31935
9295
26311
75344
85070
21869
28676
46205
35283
1638
54187
40334
59545
29688
53889
86702
84925
58679
45971
89214
56317
90400
71370
22113
70171
48239
2
23334
75808
28509
95513
98575
74718
56377
41282
6782
28366
27554
37113
66075
81048
18366
43090
86148
74673
34714
15466
99826
45695
76895
30975
66339
10903
57677
38619
17514
72551
9367
89995
98831
95216
91610
68687
80676
87819
7547
9898
87621
90989
91324
65656
13483
86085
43387
38271
58125
28034
65160
62431
61107
91985
87456
35715
15897
57859
67594
54585
31261
52654
57934
78206
34661
19178
48493
23858
95663
5628
25153
55883
14551
52879
71410
31398
89534
5982
76721
91352
17789
45646
70357
46786
83783
98072
18511
71427
6451
51396
88396
82791
48558
47377
53608
91069
72924
27890
54345
56647
85095
21010
5599
98059
19814
95672
96341
17190
97323
13716
24351
82089
43418
96373
9273
68511
47479
36481
34083
26758
72735
75687
24650
93587
5975
95544
52782
89769
97836
28931
84241
72830
25364
62184
4748
1000
83692
99995
51964
30020
75457
59992
28441
39555
40971
66941
57255
16818
39795
34312
97830
26628
60310
14317
18564
58046
13812
87955
76190
77212
63822
96276
43721
78659
16850
32754
9840
95183
82200
9356
64318
25588
98640
73258
9505
66819
77920
34737
55632
71289
94705
63651
83150
40404
60955
4068
56854
75183
42224
20209
56326
87038
44853
65148
6662
79791
28547
97650
4101
49310
4827
66445
84066
24466
72374
18806
29448
91154
71610
26100
86088
63944
90037
30059
81520
60210
32376
47159
37564
60747
22805
7502
6792
72119
45418
19966
22292
30337
10179
15923
484
43787
87172
95025
12240
79456
88982
28796
74568
4902
73388
9882
24904
36623
16400
62097
11604
83630
4299
94896
35590
96990
36312
47231
78878
67720
11154
37430
52497
22741
84827
77563
15395
83864
35490
84703
2221
22645
49989
23414
17625
96397
91921
59183
89897
13767
60740
58644
84466
15037
79539
43648
9126
89952
4200
79639
47119
95529
92004
61287
30615
43006
83010
40537
59364
33404
64731
69300
50849
69447
81126
47886
11256
63884
58135
54896
20220
90638
41224
90597
56546
88853
91830
5182
64559
66320
60546
43749
70860
37218
55992
45564
21847
19472
55148
92146
7380
4870
3520
30753
4192
91361
80610
21767
30406
13084
11294
20746
30298
63458
57850
36290
93932
67030
543
7045
32
29770
84637
6331
80231
82739
45417
47668
17601
74045
29945
48470
39431
81691
3701
17599
99314
57607
8498
40806
69454
8536
13853
35156
44744
46775
91734
88983
68535
11819
60038
91524
92305
81408
68108
35032
22210
6388
1636
10362
60098
38158
24598
11164
83574
90510
53849
29280
42245
72863
57826
48502
8533
25129
89069
36451
61282
91076
75974
35070
14202
15750
55541
48629
44280
73437
83556
61324
26906
94725
75105
60512
90149
16699
40134
17349
55584
51272
49556
85203
26879
14247
91685
1379
77757
32948
78492
36717
79921
39951
38972
41306
89983
65347
80920
86947
10931
53095
26824
84625
20964
58668
37745
67593
98902
70430
12062
30269
11889
79942
42462
78396
85235
13896
25185
59305
34795
83990
47051
60141
82960
63947
28510
55687
23016
79924
95455
87408
34172
36548
80035
76313
54484
25412
2133
9680
34164
89512
61703
37938
52412
45171
63322
27507
22109
88045
62344
6146
90788
63495
34076
12460
13821
50848
80785
58363
88822
68554
61800
75564
68403
72886
49225
13135
2334
80991
12910
40379
82811
45423
74939
21739
41050
97458
98085
70905
13286
917
76307
10709
97658
72090
43010
41603
68051
39099
43106
50702
21537
68761
27838
16653
69975
85856
9433
50064
66241
77752
35411
92070
86037
80427
11084
61871
16131
41614
50303
39065
44518
46702
43183
46489
27612
46328
81856
79080
28274
3780
71484
5080
47225
74015
31478
78673
30869
81812
18443
20012
73203
65911
13252
63243
82106
88046
15320
59923
65979
13019
78127
24551
9027
36362
67073
77954
51567
80500
18300
59984
72414
52270
39845
67914
20226
52721
75093
89485
96112
16966
30533
47830
80888
30190
44389
77276
79083
69029
50729
20582
1423
1975
19862
35903
94527
58891
39267
44886
39747
92666
84464
9947
71661
41791
1946
52928
23139
99775
28917
18510
34315
53097
55730
96114
73113
3278
84629
25912
73206
46472
9161
53020
65563
87100
43103
56288
37139
39344
11445
8057
4157
94330
42220
30901
83759
91228
6072
8136
3927
18269
35153
57429
66685
29285
96519
28438
64484
2805
24338
24777
53135
12545
4199
87863
352
77291
9414
67969
82524
63389
64208
30761
25290
72835
26263
84314
38554
50691
23853
74293
92802
63097
99230
57242
6276
36723
42010
91215
26923
27269
68234
46736
65428
89994
30244
21587
10090
6617
83322
13558
81353
27200
22380
73224
51748
11327
80126
92528
53922
18595
86468
82718
31619
23805
88825
70125
47521
30110
93071
98737
55602
51250
66561
27874
76297
84311
79301
55301
11612
65944
43549
16180
75616
95242
66956
53897
93008
55682
20645
44780
88813
4496
7862
11391
4925
67238
25306
50781
2507
26223
44124
52720
33563
97204
89362
98907
40045
35201
77498
34429
96500
28749
48996
94612
28161
36754
97600
95570
35105
51838
34559
53508
18994
34682
90444
56776
10541
39026
55265
81297
60446
98766
32947
2619
27481
32115
36842
15392
80346
18634
11964
58083
50615
5112
68712
13641
15716
19468
98508
31751
17891
36600
3332
75767
11430
48663
32416
78532
38978
4652
4960
46578
53707
81422
35655
58309
57329
96280
4834
63813
68621
6633
57965
51621
14402
91940
91054
9574
85285
58332
26762
37446
57345
90162
35013
49050
47243
56574
93237
31886
30413
86315
52958
58007
80471
14177
74860
50286
83259
42424
29302
24457
4536
59032
85675
51333
75320
3367
77658
20191
96738
54684
4222
32412
63837
98291
11208
3619
71770
23515
26075
42877
62984
70455
76152
38528
17293
75234
38383
54660
99525
93824
7298
14749
33862
97277
85797
2328
7736
47893
88958
68564
2756
59519
18956
19162
76389
10551
28612
99898
80028
63815
84407
91555
67487
78801
96815
46751
44881
93435
4664
74729
92269
51256
10299
11116
72764
15663
33369
85958
4138
263
53348
69349
37789
93591
87292
34836
21137
11188
82181
8460
35110
66228
12085
94687
55203
47942
98799
43692
36429
87325
53780
80209
17497
81880
32477
29334
83148
28142
70452
10894
88990
80935
25506
50125
51584
90583
44517
75047
5465
53720
22304
58145
18092
45571
58252
39670
12661
43274
7373
22280
12371
18069
78399
52769
46240
45335
32783
60772
60716
79590
36277
26726
63889
57952
50882
19275
91328
84187
67693
78393
4903
86635
71671
92237
7204
98858
55242
15276
80511
22381
79746
22892
41284
14321
98490
22363
77428
37903
21526
89254
85953
52819
388
67862
88227
39952
1403
66763
16794
17398
37432
21990
47372
32515
86029
34380
46066
88654
78922
12729
63091
99696
32733
29662
60943
65488
25654
73114
39313
36810
6115
71280
24743
67355
2683
86890
9774
80875
25302
10666
26951
84663
79705
81833
90726
43098
56592
51694
30313
7671
86003
87596
30917
47974
89355
30360
14619
89624
4302
76102
35402
50121
14437
17247
51487
67106
88815
38401
99271
23783
85407
81363
43141
33955
95681
56163
73406
13742
43002
53663
70417
38905
39468
58092
64886
24568
94886
35483
79014
85022
38740
53315
61248
28512
55047
60010
56475
46918
1519
96848
93241
68282
70650
86488
16336
20147
54698
14392
13941
44367
51634
54768
64007
32281
56493
70488
40406
38410
35418
97266
37454
41483
62872
12927
29828
66297
49178
29582
67425
71304
93262
62675
14443
6546
4260
29199
52180
45105
49240
20194
22995
91547
93642
26870
55933
40738
40578
34296
5187
63851
23589
1283
76409
96454
81539
62887
94290
49103
66925
62198
26183
21695
11947
5974
27919
80878
42135
71463
91659
86850
4137
5290
59215
33537
64089
89820
36769
80167
62866
96361
79274
90903
53530
21963
38354
42291
15455
66640
57655
46574
19231
82841
39114
13144
6100
25535
5510
31768
5562
89005
12409
39263
83832
56449
91707
28198
96955
18652
8810
28759
29374
1709
85196
65958
49221
94704
79667
45783
28648
89490
65323
76638
44635
27213
37122
93994
20362
33237
67436
72674
13334
55553
13766
18107
86991
18782
53865
67184
4795
27656
70631
90760
49213
44908
57555
54726
61531
6187
84533
12991
21112
19527
44902
21481
44859
39600
48290
73220
48408
5850
58369
22916
75561
41233
64966
79144
25384
51770
82717
22482
75753
42573
18256
48
62628
65905
44594
58567
12080
32435
51640
44347
45259
55843
49384
97149
73558
82315
2537
26034
34109
50828
5402
11963
47061
15894
96350
31462
26308
38549
67409
38471
67986
44711
58550
6768
90909
40857
32855
49355
29173
45665
56391
68220
8481
8726
56275
61887
48207
94817
79851
29801
28918
40368
21457
45159
90986
72649
99709
29347
31067
40476
30250
18533
83531
12945
75009
9141
52522
26688
83072
47806
97488
69535
21830
2158
37718
94070
10046
26363
19985
54126
76517
69312
61260
61224
52281
91236
90784
27883
85537
34299
55731
51206
83627
8338
21382
5590
43981
14762
38772
6606
74903
95349
73334
53802
25681
87020
30404
47221
96850
35141
24257
29542
39144
12145
10893
34502
26053
34924
78560
67621
30943
35568
11206
93135
14296
3448
55002
12957
77769
10112
60958
61799
83563
7464
81780
42167
93730
51319
84829
85753
58183
9116
12587
17616
51856
4164
32096
97854
37623
84022
41648
68674
49894
5713
21867
97100
67198
49990
83547
20114
14198
68154
77945
49274
55543
58726
54817
67492
96480
48431
34494
23607
93930
95421
91204
58823
15110
73946
56156
89919
11747
65384
82298
80208
23820
88543
61482
86294
11341
99683
64777
26051
39285
190
67152
32171
14519
55455
47723
67340
48684
72558
46120
77335
12787
78762
96235
24287
96216
16481
48990
40029
35090
59756
86854
59486
27333
42213
92593
22282
76872
80390
2283
23409
33890
86751
27599
34675
1006
30642
66811
87980
50013
85743
97084
65466
91815
17576
6670
61864
37936
72587
92876
94792
37268
29529
92158
49239
23190
66371
4635
44898
26532
37070
78288
32955
13510
78589
56117
42707
72506
18488
23877
2877
15927
44260
63113
7167
61735
62492
57048
1734
3455
1802
37174
68375
40582
74213
86694
60804
33565
96405
11917
19994
64240
39922
11813
14423
48618
75034
63512
7625
12194
25029
46959
28350
57268
38914
15092
2302
1430
62288
33555
45803
97211
25380
99236
42921
53107
61514
72472
62950
56526
74362
86927
19081
42525
75059
72774
97627
20121
86998
12685
81900
53789
47074
74615
56836
27918
38535
93739
21800
83548
54633
15671
50660
4864
98899
14916
75099
51717
4085
42276
48872
53955
13596
41832
41391
44198
19629
28622
33389
81821
66712
16122
10063
15376
472
58879
83608
72076
60711
96151
50608
97689
70645
64830
24893
11735
61456
27391
84348
34923
7831
64857
77801
31336
272
74408
96755
45099
73387
34820
43419
60452
31866
44228
13654
12769
73396
74949
47853
62433
99896
35187
6353
89877
98628
26251
31900
85989
52754
85073
84937
2932
37363
82293
43920
23198
28087
49655
45823
89654
85341
42779
76287
63556
6577
47541
27454
23878
57638
80097
95993
22263
13932
73583
72770
96524
83758
74932
79259
39051
95355
944
2511
26705
20818
84438
43712
97109
40627
5756
87420
1248
47407
24684
45274
24172
38579
21315
87590
11506
88848
94263
56724
16182
83623
84878
24586
19045
46684
86572
92928
53670
65138
88881
86875
64962
94098
14115
40678
92055
6561
86297
50369
76360
75400
75069
55646
86799
64002
80739
59113
96777
51354
67274
6921
75271
90420
48263
13561
48840
82863
86118
92174
12351
11216
15526
87919
16314
84401
26657
36016
28576
47420
24025
92323
80901
79884
58560
59991
90589
35653
87509
79680
63331
6040
85698
51147
21413
10469
19380
77619
6843
39384
50156
86578
31035
23471
99485
46481
40923
60941
77963
10952
12806
63248
42202
40384
85704
20970
66901
23976
66671
11119
836
90678
86535
29791
82097
78083
92035
79858
9716
19240
14820
74352
26973
36383
60720
62079
35098
72614
22833
27735
55525
37058
8428
56274
80206
40735
56125
61919
7744
57301
10316
20725
34674
31079
80046
33092
26124
11910
76922
28552
21684
10610
68357
80951
38356
44288
35901
72665
60842
42070
40319
25784
49260
80819
84662
80525
22325
47405
53041
953
13265
57138
68383
70997
1345
33200
457
48065
61072
70732
38361
26145
55580
8881
4454
51788
64994
51915
71344
89204
45392
28397
94897
32623
74591
51813
50949
53733
92717
99417
82782
25019
95362
30140
46003
89556
40877
57976
44160
96134
87341
75177
9519
52203
379
87137
41783
6024
72877
21031
78254
11704
55469
711
60356
86089
20302
90687
15247
79523
44649
24432
31061
22889
80600
41588
97968
77944
86350
36879
43937
66284
71826
1213
43764
32546
85686
78411
29259
66584
30936
43650
56873
85585
54932
64766
45374
35413
260
90814
18282
65876
55477
69107
44016
99851
24327
68539
16888
64896
65703
56257
75502
52152
76705
73254
52664
23913
13914
84245
42463
72902
6620
4672
70934
19098
71025
94183
73947
7654
38792
18353
96909
63169
94252
81979
41356
85682
48334
30679
77159
2580
25849
17461
71839
5005
49787
17331
2495
8698
24803
98711
22
67001
27464
78247
70129
97890
5448
50171
79230
82646
9553
90849
11421
63888
88843
21296
43593
65159
56786
61070
36295
70652
75252
36970
70500
27420
22129
54654
22534
13010
15990
75189
58189
54555
88720
92498
60460
65950
6818
74912
48847
62280
12562
85174
74043
680
46173
3558
2707
81444
72811
1507
55766
36343
85373
36109
56293
99239
61827
3259
12674
13511
14026
63747
1749
28742
88370
49928
16488
30897
9630
37569
28082
19756
47781
31938
47505
32392
19722
97200
8258
43927
72360
19016
75832
16573
51043
47913
37880
62787
16187
5031
41367
76440
21377
12411
1673
55336
53114
92726
90611
72246
63280
28798
59092
86838
22239
9191
61517
83461
29940
54106
79951
16803
61365
48249
71028
24769
77971
19893
97708
16758
11049
7552
23816
86136
23760
46809
21125
82150
78176
57126
2450
25608
97351
77632
82944
23310
61567
13608
34790
31350
57008
72632
36142
73602
95924
83680
76773
1916
85598
39272
39125
53982
76585
9702
75835
96567
70
66163
1840
81188
8634
34059
6979
93414
9841
78139
92797
82815
17035
9063
86182
65320
19284
67288
42528
28978
68818
28001
13264
88311
23575
49133
3293
28188
17494
44647
92145
81542
97811
86300
51317
76211
74642
34616
54177
71603
83703
89288
49488
22740
26853
49945
2290
36993
43050
55513
63255
94892
26856
85016
62180
79694
45490
29494
69580
64863
90652
30895
78053
51666
11758
79496
14102
62622
73228
87501
43115
44042
88753
49704
37031
71156
66964
96288
96121
17566
60269
84044
6056
58933
81361
41138
93544
52895
35128
46625
17006
54465
90176
9863
9216
3307
8587
57552
54309
31713
82499
20988
89724
2790
7229
11835
48873
41735
6779
45671
59786
40673
85100
50120
27344
33038
34939
7432
52085
38388
89040
12673
40514
99266
42402
72968
6214
70261
51425
74854
38032
25152
26540
2689
94672
40060
15229
56883
87953
31131
25353
62112
93674
71972
35088
42692
51397
54760
99618
28744
60312
91303
91350
5477
14644
68800
87221
4465
46256
14717
20606
85831
89525
18205
69134
75599
19199
41127
63979
33691
89424
8732
7661
6349
17137
75685
99018
69494
83974
19084
80252
78713
37100
86534
85840
14542
98065
58253
44974
37347
8944
22572
22656
44509
95976
90260
48802
47516
10521
79916
6340
48252
26778
80421
65758
23608
34457
64779
36401
8489
496
35991
68502
96652
59072
49793
38757
1377
95821
78035
80036
49231
2454
32089
51946
44358
5391
10261
3023
73308
96701
62831
88178
43417
95565
54313
61254
60558
89201
40016
38714
44416
67832
20462
65316
30307
6185
11529
96513
59740
60086
26059
25114
17589
21959
34277
43453
44003
1515
47764
1407
65108
39241
87637
9067
90457
69013
10732
65176
62649
80032
89746
40245
91546
46243
5146
76412
30063
82483
46833
87834
31383
71206
76641
4379
67141
18462
84648
38152
8998
27220
85055
14044
34165
48509
96465
59276
47472
30719
71912
25441
31692
70834
33680
58028
26961
90536
51205
87948
92922
95522
75746
61821
48152
18031
61784
38653
33462
34146
40634
83580
74968
82639
57781
9024
10237
40099
78557
60625
53155
24189
68451
66471
83081
28236
20706
72335
29423
25926
50873
24020
37978
59617
1427
66448
68405
30274
90862
14033
97569
9610
25274
6636
43781
67417
43208
81455
74177
38590
16402
27962
64013
64127
55258
25652
24021
83432
49949
99770
32440
43780
62897
33763
56927
98589
70130
58423
30744
57014
45288
90697
61295
95177
79122
94380
8154
81158
77249
25451
46986
53533
36740
9853
58399
41140
34223
63139
24470
53011
68408
82269
51936
10860
67195
7561
86477
3646
61657
6695
12421
12974
9200
58844
32471
2760
95416
43101
38836
10723
78815
97652
11659
33021
82673
90655
62073
38250
28711
35027
5149
66337
19907
94718
67790
17604
49237
50744
18972
76825
17924
34604
33506
82821
49109
26234
23458
48375
44879
20823
43535
91960
29714
61222
30890
99178
92612
9298
64917
89389
70796
49508
63423
53806
13498
28677
14270
50540
67717
67217
96059
41325
30164
36551
65128
56452
49868
10088
4790
92634
9246
8031
12573
3310
57072
35849
2387
63950
33123
97910
15816
19738
31416
7342
32293
25439
92519
66847
71368
51311
9480
82949
27180
77551
27668
52231
64235
79765
75269
77453
40832
99953
87035
63697
42311
48133
15536
30284
15058
41269
84609
25494
47575
2994
98387
3527
56852
95873
92102
26664
91459
4487
64242
32284
46044
67123
54722
92801
74624
29566
75563
53920
32850
52646
12366
29588
36338
9715
64591
56004
17551
72241
40946
30468
20368
29931
29767
48834
37074
71387
64985
30721
71760
44725
88711
99903
41875
26031
98683
43207
40496
48804
53219
87135
28399
96904
16296
196
77877
11984
70295
70166
31966
83745
83279
51248
39013
51073
43808
99210
70520
49405
13115
14803
47014
41749
98864
46789
99482
87312
27748
29977
78505
68070
73196
28096
84820
69562
38892
94908
44497
10751
31244
70699
53142
25061
22766
57415
75126
28661
67105
72272
77523
16969
37909
33143
220
85014
4441
72300
26028
43187
80039
95247
26888
8080
20089
19144
95607
62106
80045
59744
78449
85645
42952
21852
42064
23415
28503
70390
64323
58757
31920
97338
66252
12823
27611
28603
57910
78428
25456
35179
46184
58338
94542
38408
91756
5979
92450
58239
17134
89963
87883
77848
35291
34258
89332
18165
21352
99703
84155
29626
41355
5744
7473
37651
90609
47546
58248
28197
49277
69840
34472
21182
30141
25850
80254
825
36117
6493
46433
53703
20366
33461
69144
77254
68141
87956
67050
44191
34917
68754
21832
18758
41876
36193
95956
19327
4989
61662
94445
61053
27453
99684
37464
58597
94124
8922
25837
36146
42259
45197
46843
59954
37444
90744
37848
10126
8794
21672
44999
83470
3145
20699
13587
68528
65306
2950
1134
74523
68934
36581
22230
74023
60785
57078
53540
93567
34461
2204
14167
11037
23961
5855
89671
8256
21735
63952
88899
29148
6121
13033
65577
52300
73703
28531
45314
64738
9951
72897
32248
49759
87977
68698
90516
31070
98374
67220
92696
1707
28293
34428
60630
80882
18001
67858
74059
26321
2331
17840
13948
8895
12011
34571
88070
67893
54675
62102
5307
46263
30741
91788
49935
28362
2431
4812
73614
24395
74787
64541
54884
11095
53237
23300
74831
71766
43919
52965
89008
22918
4788
29433
53883
95840
36464
48039
29102
32488
74494
48995
43295
87190
64324
6464
68461
35132
91961
84563
33080
50772
43719
13253
72045
85224
8012
9909
89402
89917
89050
51712
4892
51677
99821
40805
6494
18
41801
1300
36761
98076
36945
72688
2068
20679
49087
46540
26651
14211
70453
85956
44263
5610
10283
51140
17948
14069
63128
7478
50152
51781
1298
84817
86094
25137
7087
56564
53279
94650
80524
36744
53367
36566
15834
51399
56470
6632
36966
92731
92793
64049
32003
61534
63380
45056
77973
80193
78063
23941
70921
5722
61987
41948
53524
3918
70243
41990
15514
15426
63205
8613
93742
46343
34802
93863
92066
90752
85133
11173
14922
48481
37896
79792
94810
30659
27954
30490
55465
55201
90382
35934
75222
31346
33966
68297
515
94655
29239
37843
94960
75891
29615
56351
20232
71242
62778
13457
70182
75678
71399
91466
43762
826
18532
44173
54814
16645
47635
16337
39457
4835
11996
88507
91637
59327
44040
34390
6083
99260
55067
33161
2704
30837
79902
53209
51297
97015
34808
90108
96123
62335
19067
47612
11459
93168
40859
40355
56708
61584
46585
26697
28943
4929
93598
43452
41623
32931
55736
65582
1851
31132
71669
66939
37878
50061
87051
80870
75580
87236
27452
16097
93602
64537
32087
32377
77808
71264
82967
66404
78746
16930
23392
72809
26200
21312
30740
73392
2072
80512
88009
10463
83905
30886
8149
55529
8465
82347
89024
10586
70110
28468
24030
87800
38016
78287
3013
88744
3253
5356
91833
90335
20053
2800
74632
23980
48351
56913
66022
75615
7796
93703
12121
91594
34495
78961
16080
17770
78665
17418
32652
53241
81495
40050
83613
87243
92608
31006
81352
40612
32984
8618
87764
10028
89396
74038
44688
91015
71377
85594
2957
49457
25960
59355
77399
1365
42160
78685
72485
47295
77139
54273
23248
37093
72786
5920
23247
32870
30044
86867
65930
99853
92231
42063
69899
21614
82559
40754
25635
44633
81540
31926
60891
4141
22531
64692
41526
93208
60845
49494
95038
21709
92291
72996
27137
80727
4982
64374
76141
66705
97803
78682
61021
65700
51407
23637
21423
54114
84444
14663
45604
27300
59981
95348
52613
47005
86412
36103
7562
44953
91269
82978
38200
7714
72668
92064
7226
34438
26896
76230
8167
25871
78330
93806
81971
11451
24654
82729
38037
10749
89563
55748
22626
76458
24887
65105
88021
25928
12906
98145
15349
78672
6680
35904
39537
65419
64667
27505
45128
55263
81598
26851
4334
71617
36069
30764
25778
78728
36881
49341
64383
18438
44412
81235
84769
42433
60624
45073
50774
84041
34067
12526
89380
60200
4707
81792
14964
75565
24713
16710
60508
57713
68501
25639
35776
68410
70553
23118
55132
83642
23323
59416
35263
5017
97040
91294
2408
26432
23793
57114
19590
88274
44937
67283
2095
19795
42195
38237
93644
55882
96903
78255
42879
32211
77553
42705
9761
91653
48943
5379
12643
18516
40734
16469
27201
88015
60479
97692
91287
68738
54423
58158
78547
81285
80017
58495
36005
99294
80441
75085
82621
39025
72652
15473
34357
7468
6321
38518
87902
99894
74945
1792
22426
42696
56411
5771
43493
26237
25031
51341
52362
18814
42012
3897
14602
92534
69360
66572
87451
30766
56611
45963
65607
24008
92212
71632
51811
68812
69724
4019
79675
61345
73071
30177
23027
19751
10763
2711
55588
66226
22764
82490
1168
71140
30951
30765
13060
35554
5697
62326
48448
2185
68783
91838
94433
87615
5922
79249
96634
90815
9661
92442
36910
45068
53991
38305
21920
29133
82437
31662
72419
70093
9497
90987
40920
70570
44210
24891
183
91168
27760
32749
9102
52732
69802
77502
64158
19538
90963
92313
11883
86532
20717
52542
39256
98812
215
82479
88077
33413
40164
46199
41979
58502
52759
75830
37181
5770
4719
45697
37524
5662
59173
34376
49187
94061
34886
15947
21781
57067
16195
73096
72101
92878
63501
27067
98520
7606
59965
65926
72526
82488
1183
5930
71320
1136
15856
60994
65383
75727
44102
49122
64903
61455
73046
5726
72999
5094
21356
2878
94009
48719
92738
69206
49230
88953
14386
69321
51975
50260
48546
77231
43926
51929
58574
11624
24212
54525
87820
46693
69827
21823
39644
27667
7511
51530
50176
55530
53952
67262
76474
90395
53495
18729
17956
3340
50885
31758
23879
90923
39623
632
13519
42343
49973
9333
19736
88408
6022
2513
9315
84501
38623
96074
59919
96758
40184
41849
54705
41365
44784
83456
77826
69340
82247
11722
44865
96028
38437
25316
92092
27940
54807
49728
21532
86419
28086
12757
19940
41907
45960
97205
28581
55407
22709
706
81143
12533
72619
5517
31565
8229
27
52647
72401
44302
3856
49849
79483
21314
57197
27010
55681
33173
66642
94231
9999
371
93370
95675
63951
80789
49734
10694
27642
98944
79874
49075
16928
50576
35834
59988
39598
88556
80149
84654
68683
65135
32672
46990
82896
61512
10922
82922
71753
86543
98119
41094
10696
86642
84225
27027
76293
5870
47419
44274
4406
41657
78947
26550
61223
91452
16052
57927
15223
94814
39653
26351
21500
28338
61501
28767
19156
90565
16233
24182
80769
47328
11581
72129
17673
56127
87761
82257
61170
91486
82108
57466
90372
14490
12911
56901
33833
54851
74430
33930
58128
43288
53867
82591
48801
66219
61049
14459
84247
46204
31626
13961
4087
53005
18675
66799
98176
11783
48218
96418
59659
62830
9004
60524
21176
12786
88849
13051
53466
65330
30488
10411
65359
70780
17220
47011
59779
24515
44023
50002
51891
91296
19787
88729
92089
38344
2965
81699
41432
72436
68272
97563
23218
52007
54361
41915
74709
99497
13898
49347
36709
86667
89585
78117
78498
31816
4876
43548
51990
44743
15523
56957
83324
77313
64262
40369
93038
11313
97748
98897
76819
18961
78224
87182
25944
66261
45042
36701
15259
79709
52749
85725
30192
18973
71979
98107
10016
34937
45559
26420
59631
46554
74384
70435
20959
4231
59844
72934
37340
29403
53251
70691
51058
67797
9858
35200
40192
75100
73979
11554
42564
46541
89137
17153
81078
8995
57873
49028
66481
32481
45364
49598
1099
92766
71265
56644
37638
64334
51247
65129
89695
5513
51528
91865
53604
64187
12650
67619
97799
94439
83602
3709
57144
62604
97330
37977
37350
73886
1563
58261
29409
43680
25908
40023
95486
99441
18744
54977
7963
93683
49614
68675
12710
60455
63027
80787
31575
90696
60837
23456
94148
80561
69712
21246
11452
87670
61621
23535
17039
55647
35404
41717
89452
16532
49697
78067
39081
19115
14882
43041
27586
84457
97490
56322
12803
25376
96721
16473
50751
79602
60067
3461
86829
59657
87960
43325
83174
1091
95773
59606
73657
90890
45278
92290
14273
69302
64691
27886
99994
57141
76317
15965
95108
11052
89242
9809
73314
48184
30119
19171
18615
11817
51403
24767
35293
41806
15831
85249
67382
88351
43785
93230
13401
4391
4587
22706
75790
70283
42808
12337
28405
49403
41375
1900
77023
26035
1920
57232
95987
38397
62827
14168
58272
53810
90568
12730
44714
9386
41083
32001
30600
40667
75043
66427
82174
4727
11878
87775
32586
36265
77444
20063
78912
47127
11643
94592
42285
8545
15052
35752
5981
75167
28301
11220
87641
2197
58885
69574
31122
30256
39332
67929
6926
22544
94205
94869
55276
30080
74369
74878
83157
87424
34488
17735
26177
16964
2814
4100
76021
66265
39933
97331
34997
75026
36158
83478
16864
19127
33963
36299
25198
21804
74097
57172
32340
18442
85144
95967
39210
79381
47572
97424
2952
25213
30939
20334
83018
18641
84945
79827
74970
89086
75104
5837
49596
42082
75612
73774
6500
35935
32648
14262
21389
32884
4641
30613
32694
49642
30339
5898
59288
60390
36080
8997
11782
46271
99833
39278
12326
98058
39691
17951
88902
18481
39481
68972
42300
73187
59457
35491
60031
52197
25566
64124
16325
37354
84982
37685
46991
41102
19073
71196
66264
56359
45660
77928
47448
17174
45172
29202
18997
94437
10621
65615
13658
18609
33654
86825
79558
15844
2236
72737
32288
71066
72042
63242
5954
1722
26460
31883
47889
91190
49206
93518
57291
80591
60598
32233
46363
70239
82569
36724
55816
77361
87721
30075
60797
28590
67222
83087
53782
75024
39287
21540
11613
31150
35621
81629
65287
37791
63043
80355
48394
10395
17931
8783
16707
45380
44602
32403
89182
70348
46408
49992
88378
31185
60856
29111
43970
69933
48437
51790
43916
45627
85660
20763
12923
39151
76416
72496
23130
88278
71620
64861
95687
66653
24611
1255
4373
38919
60097
64441
67180
94753
39930
67296
9209
67743
7971
1714
38575
15338
67939
63420
49829
68015
30665
6950
96180
21727
79461
42737
1581
96647
52191
54098
93717
42936
48233
56791
78134
69007
68442
35496
7968
20831
3940
86965
97114
26563
62721
57657
24636
5567
95495
75048
62821
71378
62705
94676
61739
97210
25091
6831
26458
86639
7615
69106
15489
79025
53758
40783
79728
62543
60226
72943
69592
2013
17432
95799
57070
70792
6663
79814
87045
45624
15386
78186
92835
57665
17875
75199
49791
90544
87023
51381
9456
76884
74875
19092
83611
15725
23693
58507
62156
13744
68384
42157
72510
39806
54169
95323
41175
30254
67726
72939
25762
56227
86726
46176
31903
5728
1061
80942
70784
36213
70103
50020
38169
29657
44435
89048
14883
16143
20129
33215
9542
13035
3548
7623
64356
69375
97725
17990
65568
85980
7020
20846
48874
42354
34756
8255
12105
30195
28803
247
28586
48644
85452
71064
32919
82138
77320
34940
76093
23072
24191
80595
38621
84005
91356
59479
41731
79344
37249
62545
26261
58027
61115
95070
17923
34846
85695
63844
36666
49293
85950
51944
93160
84684
22605
52790
34114
44281
5817
41608
20349
16203
40372
50622
19508
96806
19518
43154
44421
49294
81676
43639
82810
97348
50913
9075
23531
95558
54137
8550
98440
23073
81339
59080
92559
71843
36007
18441
44409
6678
99061
60405
24949
12546
68366
35873
11191
36457
54680
28010
75153
48386
86246
99068
11357
52633
31172
42093
36531
28395
6567
83388
33098
36255
97613
89665
66488
17788
93335
63253
26126
24599
66268
63491
92521
35248
91626
16253
1200
3719
89014
37773
88717
38648
97978
27418
43260
43052
42911
99643
470
38174
97897
9260
1645
41908
40776
12549
24884
30311
88366
47050
96778
98293
63430
21645
69341
14754
45897
67008
29098
19759
66344
34139
26303
60085
11209
1318
94242
48094
93456
99012
28938
60786
64924
51531
37816
62799
58277
28367
42175
92664
90285
97184
53291
5323
82278
63074
32453
17696
63885
91293
23650
67003
34713
74432
19042
61181
42625
37631
4041
92345
58921
48921
92617
77123
54572
76095
6863
84142
8430
75538
11472
94209
32923
35482
50086
12899
67656
902
61676
34149
30819
64874
35450
47046
21104
11851
43282
92925
32386
62095
69584
21430
89243
63760
4311
67699
15167
21133
22357
89492
57211
43125
84242
88856
80705
29412
12446
39744
1809
48390
43736
13204
8173
58616
44520
37050
66267
98141
95517
18580
762
87629
9578
72293
33738
69519
79621
21335
76443
99522
90166
62389
44585
55019
17706
9083
81649
27343
417
79967
97034
59611
48945
2380
86621
13865
79135
68386
55954
137
39307
32579
61616
35542
24050
17487
88421
53617
78710
3279
30194
80999
28561
94904
52855
26525
8219
20511
7361
10436
45973
99649
75535
28339
83020
77575
10614
32804
60065
94966
81663
64729
56405
9953
71720
9944
23318
65744
55058
14729
20035
80659
16669
35760
64092
38920
94729
81345
18530
70602
93147
45951
8170
49665
21323
21254
10302
11863
36552
88869
83441
5995
75113
61090
1020
55504
2265
91563
53245
65920
2203
48948
72813
87513
96136
54199
5099
28565
34431
97234
69436
43831
48230
48626
26492
22522
23889
56147
81837
65125
9122
2630
96511
65581
85275
59846
37998
6605
32612
70906
74788
4056
17019
13431
47403
58285
12857
19842
28653
93705
61309
39378
38474
13814
7191
19124
55349
42944
36840
49324
11048
89343
10290
81106
64539
61386
47562
18265
8317
39516
79378
39491
57469
21964
91162
97903
39492
85545
64575
202
7436
79235
22697
92531
65391
63421
55344
56706
53223
97209
35476
67854
52008
28240
15281
31520
66292
48826
93769
97433
82439
76798
78248
13439
75712
34533
23040
67975
7775
55817
60940
65532
82670
33736
91432
95180
36114
38100
90013
8667
3125
94618
21559
87533
96927
9765
67424
56079
96422
21069
29469
41515
71119
55945
35011
42594
24793
51330
21635
29799
44267
2395
76258
99818
36730
10456
83411
65815
50802
6357
25488
8466
65451
6249
78808
75660
54755
38097
45911
50625
56308
31806
55204
66130
50621
73130
31962
36260
92449
54084
25235
35919
98530
32086
74908
9288
36643
91938
70217
62773
53676
21327
70634
40897
57513
71873
5172
59391
50155
85154
7061
33346
95318
45670
46460
7004
25196
66905
31009
96855
95959
32542
48043
3234
55862
4242
79031
77012
65232
32300
64635
57637
62428
96497
27692
20290
80637
75427
44907
84235
79441
24146
93884
84896
63941
88612
86291
78523
77564
7266
73280
14510
94959
16292
81791
55295
72796
30682
39921
99415
67694
33783
95802
82956
83141
56525
65874
3772
71333
52384
95218
45521
65325
54948
33337
96367
22136
86499
90396
11114
13158
50150
78257
15347
4695
29619
68130
32450
32707
64645
75834
20507
4958
63625
26572
98253
67004
6868
88914
60495
9188
30332
2533
539
82825
58215
84377
45620
71570
52680
37478
90787
20172
59240
6705
85552
63949
86313
21893
47079
66780
54439
38287
12813
10746
38898
52877
32447
31160
44200
43300
37207
16279
62954
21417
83056
74347
9329
64319
13301
59049
49652
27239
47424
76667
38991
7763
56651
2628
14727
86326
41960
17961
42057
52148
95985
79721
60050
82458
16418
36907
5885
73031
4758
79669
34061
9422
37921
87134
6228
36052
54023
48828
51294
10164
73784
21975
81085
24322
10537
99711
86129
141
62544
54872
51869
81084
32755
97631
79451
21198
38809
540
78704
81240
56128
72842
358
90864
49600
2310
23787
38320
37436
16915
78734
94536
43018
17149
3347
39867
24141
77646
60190
95243
57594
54440
3696
41020
45601
61570
88437
62037
54831
59951
61266
12602
58571
98970
50496
65927
79620
80439
61572
86985
28341
23731
15787
35398
21853
10077
51792
35902
77627
83133
92579
64622
84485
98428
96975
97521
39743
60028
8923
79152
79397
53467
19631
48774
47248
68404
20620
71575
44552
41929
63352
24290
62459
15124
70465
35657
13548
58722
97894
84955
30160
95870
50418
13395
28755
68649
5008
57151
9860
43525
39663
73448
19064
56170
93366
27207
32214
76799
85949
20662
60959
51237
83848
69892
52052
14336
77442
15350
87804
62363
86021
59277
47545
2785
41173
75858
50386
6594
28376
86138
33885
71277
3054
29089
91740
22340
10025
9509
60539
39124
8059
88082
43853
91520
11650
82382
74115
22290
12172
49313
88984
98656
19218
46870
12112
80588
89869
87465
49976
5751
1567
98239
13598
25731
19300
38168
84126
38321
86264
91055
56586
79984
36010
22693
94251
78415
49350
77990
5934
88050
63866
54650
45225
86539
53126
24771
33486
46183
73640
30461
24560
63551
50376
99252
62526
20167
71700
10929
59785
71290
83023
40212
19289
71818
66003
7870
61227
29457
47778
37376
66690
62635
24487
92056
55976
36389
82636
28103
2806
38150
63094
31025
15379
48580
79427
43361
63133
21779
53783
27950
86885
98703
91629
95830
21539
84830
62076
29590
37250
36898
7286
93381
13756
682
91821
67776
60769
20009
57863
28527
30931
25459
11207
91035
81141
61105
63191
54027
42518
95103
27569
29100
8527
34237
65884
27462
17251
70538
51503
85951
18632
86015
7876
38240
69613
20080
16215
85026
11710
44108
26413
24915
46298
27118
86597
88140
99243
59393
42134
64920
15112
19965
46815
55710
7879
53868
35260
91423
74848
41754
82925
84318
79335
4315
91931
61244
22462
27249
48615
83327
23056
16380
43123
815
33254
50316
91723
15579
86168
90137
50101
32071
96061
7434
89205
25644
36286
70811
36801
97741
4936
17681
64101
48512
69115
33117
52193
85846
13170
92723
74308
93115
83199
43315
37937
12378
18184
13546
79963
46880
52783
81961
4223
48136
13805
3330
91657
88247
57695
51971
51864
26338
54623
35091
92347
25485
40130
42092
73070
36126
47185
10182
71584
92295
245
536
21753
81252
36417
30336
23386
71657
46518
72394
49335
57200
28310
3086
95897
35395
38192
84099
53352
54336
12406
20195
37686
15966
26470
27271
52150
30870
13695
98908
20430
27977
93622
70310
46319
83835
20360
35930
97031
66727
69546
28168
40380
53633
91926
12148
48328
53122
24762
10003
39553
49025
45584
35998
70984
70131
49702
88756
87633
47063
79885
23790
50549
37859
22369
13161
29255
78443
52357
94671
24494
6623
30918
77528
4163
4343
62646
9586
17297
20969
5416
94303
6938
45341
12851
64468
84144
49235
38075
67549
74539
38746
84604
82648
45709
23125
33342
83162
48368
53878
77638
93594
16774
90330
95024
87972
48433
85392
775
68720
14944
17434
90914
74732
84768
59140
21115
24490
77196
77587
35069
33924
43444
13183
55718
81896
45212
5221
70338
78016
58453
97728
74385
7156
40579
78737
6855
81787
80690
19724
79697
7135
34878
33655
5358
45887
85008
6055
82635
80463
56492
82736
53528
69888
92301
30156
70751
68882
40978
34375
50191
64919
56009
6852
94624
4935
42766
83005
38545
47353
29437
64501
85295
75459
4384
46506
8999
64498
66930
25929
66104
18327
38036
94111
66838
42522
16810
72348
26193
86953
9164
69661
27335
69266
65412
92333
78621
4572
98313
23604
27274
91072
14980
54429
11039
85454
80647
7909
64017
93325
3053
14990
74820
30463
51182
54611
67490
32639
71222
84454
35059
69445
35861
7551
75022
88852
36124
50853
54256
22248
58771
89146
9309
52447
72536
17741
19230
6001
61192
23103
67714
52269
28374
37844
88037
13393
93054
50995
58693
65907
97146
44817
66485
14420
71681
44534
10697
92318
18696
19441
4771
39803
99488
59376
99029
59736
48627
24371
98940
18132
31378
42293
83869
62068
22026
47066
94803
45856
93281
82224
15159
3937
97232
81023
28288
46670
42585
72344
13116
91747
80655
68815
78929
75164
79290
71680
31368
50419
97021
10221
95068
25772
51504
54795
12169
24566
63634
28191
29669
31759
20570
31947
81080
24018
82555
34070
14830
50068
21002
36191
99955
65825
20166
87842
80214
61149
1473
83352
34257
80680
93820
94784
86230
12161
28428
36765
38861
43301
90915
20600
78541
92069
63561
3264
69557
5827
38309
24138
90919
32779
57699
33297
78044
22087
69313
30446
40216
50022
51631
76532
39767
21718
71579
94200
72500
70446
791
97235
36049
52995
86287
48745
50297
31266
3882
84989
67585
26247
70492
20316
16045
93794
79671
82651
39799
59495
34738
27973
82443
15860
83612
17060
75981
62783
22604
7751
68669
67641
22988
67426
81985
74953
78743
87173
63913
87070
15262
23185
55657
65616
12412
71091
1899
37740
25063
11142
9416
94336
88333
69207
33692
19104
12738
36131
3992
92828
2477
54619
46047
32172
12993
12904
64023
1996
7046
54923
66030
57641
40122
53110
60867
8996
10542
89659
88301
48853
80733
1056
21452
48748
89482
1615
85290
13459
94837
56362
20942
65264
79385
188
3901
84999
40965
22570
21261
52955
62069
84040
33703
15925
55628
59448
83645
67536
8845
69492
61445
33187
73053
56456
11545
89589
3995
12801
91771
28631
1760
9750
99071
48570
48501
24000
49619
16588
50199
10569
9656
63388
75534
49402
23265
81091
90604
4910
62435
18261
24059
97865
99716
50311
51133
38776
3889
86689
90671
81639
98798
64071
22937
7017
60330
98759
45224
35369
32472
39872
35745
2360
65305
17639
57210
3860
40186
59169
3938
84389
26199
55742
17560
48967
1010
95839
25812
92681
84689
98164
70685
93026
28990
60077
1580
87447
59813
44949
45797
15147
83383
95484
83230
47631
33097
9293
12721
68073
15914
77921
90777
17526
858
6913
55286
49026
76172
81897
71500
84092
20929
62420
4737
26723
64203
20799
36275
52424
5580
11728
13816
33591
77026
14511
48938
33524
90250
48749
64695
44100
21860
20413
51234
56664
66137
92986
21878
1113
65317
3991
35766
62696
41992
65873
98041
49461
42119
33712
95738
1989
78464
9771
94213
72495
480
13595
61249
99360
9441
41962
68602
41950
10116
95305
88554
37767
74531
65795
35038
17603
25156
29819
90390
61796
63963
57333
87564
22438
24735
46440
70747
30920
39118
37445
14992
72933
1419
30352
18203
39003
22891
40543
68911
52043
7374
74495
60106
42277
71615
8137
32204
61015
76945
27184
89156
62034
31335
7842
88987
52778
63703
47813
66026
46533
22217
63250
78220
94118
31678
11566
31661
70993
59694
53793
70554
62090
93653
37971
49295
18752
35469
40574
46172
22463
97552
14628
50667
32112
19110
44820
93275
56490
35662
87551
25811
2822
40015
55150
89669
49818
63819
27008
68102
77388
65696
31774
66242
82115
83650
33468
67045
71899
20998
29956
6465
26523
68772
76420
32218
46733
5530
78218
5185
62175
42656
6245
2832
57094
58663
45576
12430
6432
87316
53429
48013
6222
10607
12283
57325
50066
64312
60515
1051
79196
35569
47515
71024
48175
67838
90258
31564
6607
75348
6869
88006
16421
78727
92052
77259
41926
30752
64116
83334
40590
93079
73092
88102
46318
10687
54949
7881
46609
98418
56171
78471
49012
61626
78407
68970
18934
86862
14932
91112
60339
63643
31531
24971
74950
68086
50734
87375
29438
15968
33420
16205
96369
72539
66615
29518
32498
99640
95136
27467
53023
3454
98103
61603
68791
94196
61140
83896
28425
21803
42772
18214
35495
26283
29787
53057
14970
51800
7000
64650
49391
56001
79270
17933
50446
53574
33454
37146
34091
69571
75274
69310
75957
40829
4638
7788
62055
7774
25744
60401
92177
6955
69141
75214
87449
4663
26291
58817
46642
41211
9241
10372
94008
88834
67457
30420
56877
39170
68124
98677
72892
23795
38268
27443
24794
63902
35637
41008
87719
95121
95764
75722
6112
39289
1962
91233
10710
90756
98686
52534
77186
72219
80485
15840
83664
97529
9208
63289
51890
26934
10981
47895
65167
45447
50730
39792
28786
80945
35182
64329
68362
73081
64205
80672
16017
27442
51239
71796
50210
44368
84686
38682
19601
99771
24316
8339
41683
73097
99142
58917
83638
2666
72962
70950
60707
40802
39660
29474
63418
19540
60606
75446
63411
86048
36105
19783
8449
35004
59839
34327
40001
40844
5337
92866
22629
71847
80800
31201
19096
72803
14338
24237
62039
94212
46216
36778
51086
34382
95221
7025
4825
91472
244
58526
25154
64848
20702
99342
30011
23556
81529
70200
80611
17340
19402
19555
53271
82839
51653
80520
8266
21320
30364
40078
1353
9576
73589
6929
39588
34530
97762
34359
58303
10212
39135
69403
21062
37494
4956
46145
45254
9421
66399
13256
7936
52320
55488
82824
6549
41880
48678
72425
30440
98153
46022
29938
75958
88416
960
88955
56639
72832
13433
40548
58741
90535
62295
93122
51488
73455
1976
60660
11275
71120
63247
32084
93775
80482
38685
35304
55257
25057
9960
4856
99579
13225
30586
21595
2028
6849
49881
21450
96476
69588
49022
52246
96153
62042
4500
62615
18709
76751
98839
53599
36215
60967
97943
47255
85761
25263
27725
43690
90950
78806
49984
84147
94351
52954
85752
33611
11479
46788
18770
81677
89174
44643
34477
22652
83624
99106
68751
9587
41148
20806
34234
71221
10509
93952
93356
39385
11258
35397
25219
90055
16670
73656
3695
58728
87880
32980
8568
1605
19723
46909
68879
23750
60688
31047
82157
96699
60881
33957
86501
84834
46396
45426
997
33348
2983
82320
49214
40569
94248
26087
11305
95113
23394
53365
88119
18333
88094
51097
22199
93502
14968
7996
24667
31888
12037
26296
97759
15597
14738
42675
94296
69902
62836
39696
96526
5864
41377
82550
57064
70376
20756
63114
82749
92349
54011
23295
53101
29155
85011
25391
78881
40193
41030
10254
75256
62700
13087
86171
53993
15209
29222
5171
7764
68816
76892
58432
39348
40463
57108
93599
25004
20607
19972
93538
35047
75765
66647
15657
80713
76173
10884
83557
16174
95115
47204
9636
68231
92431
52029
15859
8018
34822
68003
42869
68413
40591
14473
57750
44209
84781
44186
77090
52515
2281
20408
42022
49323
75922
56313
40953
46283
44373
49327
96689
85860
6961
77612
31733
12170
49707
87890
19914
93364
91748
63931
83752
64145
99094
80173
75607
39041
68660
78110
48514
22264
65130
69427
23261
62533
3114
67466
99943
63399
29321
59492
74079
92076
69703
39851
55372
98464
9534
61591
67215
41478
95487
6264
94639
93603
45789
33881
53261
87255
79430
7628
86897
33539
38946
28941
46549
76730
56662
45674
92233
9893
80618
40670
42352
85702
69964
14657
10102
5674
42074
25998
67911
12432
81020
72067
90256
25647
59313
75044
52225
72555
4765
33742
31255
46448
13890
22345
83019
2971
51842
50157
87203
29855
20517
74935
98743
36539
58483
91065
81491
65541
72562
59018
47301
49653
13564
21740
97915
27629
66073
4933
94013
96870
85142
37944
67181
7073
85425
24234
53222
60892
37129
80358
84316
1314
31804
53575
92550
40185
15570
10383
27451
86213
7934
31784
89162
51824
48040
60998
23836
53846
55419
77216
93900
25268
14395
20819
5432
62551
98062
18472
63693
72681
2406
43068
42280
30949
89558
6755
82658
82240
4248
42770
29218
22803
49774
6069
12462
25461
13840
77621
93218
15214
63809
77975
69826
22098
89803
1531
77511
72342
63742
20720
30478
63251
69247
4549
41654
21599
43110
83360
42221
30257
59481
51639
87290
63360
78313
83514
77872
96368
52810
9076
73902
77867
32125
32679
94578
18687
58890
92655
47031
88722
87730
25721
75693
40273
28323
89715
68852
31400
51232
17911
24445
41450
99904
4203
34399
90755
45407
8765
24866
48262
50129
47584
96211
5696
97727
77210
66972
13295
1098
59975
86976
60429
90650
40846
28175
23642
19488
86993
94535
52345
28974
47444
90988
13376
79308
14501
26205
33868
13575
80420
88151
83139
90168
7479
84192
2233
24162
95134
42896
73934
99182
92292
79093
44896
98417
72193
85328
99541
48028
92554
81911
32892
90142
6526
9911
28494
67330
93320
98807
78667
78840
53827
70101
43410
80233
19234
93455
67517
38148
11834
70014
97719
88023
86637
19707
90682
20724
15687
10346
75749
70600
84766
56424
33473
85357
16232
55732
60060
65051
51412
258
13398
1930
8155
66999
66521
67961
2529
95553
15717
63930
74480
89129
3423
56937
94484
97486
51387
25700
84884
85261
3379
24360
34785
65901
12084
10423
55849
97192
56738
59842
30846
26071
71131
38667
45273
17106
22657
87589
96424
75078
26988
76510
32359
41822
99455
59826
30985
44166
95258
40484
67482
57903
36737
90290
4553
4770
41047
20103
27479
40798
70975
37710
36625
51783
59571
49031
90771
79206
48416
35387
66841
58815
32560
85162
41014
26204
93813
82954
52214
68112
56839
28145
3168
35504
46305
19241
37284
9481
86978
2981
11981
14918
39746
76195
98953
81373
87743
57635
19048
74065
72027
68409
65457
49812
7450
99052
8993
15061
10524
60770
76117
16536
75075
21268
40344
87935
21118
94180
22167
89971
95051
13273
9989
50071
23985
52701
27130
8744
81176
15028
91972
497
34328
38786
82666
53919
48404
15568
37897
68209
57858
99840
65672
75178
93407
88778
58030
43391
49513
33338
5213
98019
74183
76280
79983
21142
13166
24616
20169
24051
43720
61004
82548
31326
99228
2059
72306
20013
88542
76652
8106
15699
4598
27669
67179
34512
81844
92366
38642
46845
32040
86845
39720
78854
93199
32159
40286
81784
33179
44582
44595
19420
94646
53674
52074
75925
93125
16998
65443
42446
26695
95179
41936
51556
60329
95227
43773
7805
17123
30749
75662
28473
53941
51943
82468
44576
90546
55752
70389
670
26555
29804
86697
79749
87899
71820
25893
95915
98966
36281
98615
3342
98111
14640
94181
20713
71905
31231
10540
56719
80978
46584
63880
13308
88449
85531
72201
22019
55247
89835
25816
95595
10279
63262
54272
10843
31694
57280
17623
83325
79790
97292
19436
45591
6171
99749
3432
10175
13105
76312
39548
87178
51529
31290
1414
89790
19270
21820
95810
90518
7580
22703
56537
96364
80839
67494
85930
47864
48055
31446
53736
16093
26349
95328
68607
8016
16615
33542
33120
37709
79628
94640
15525
53668
66280
92929
65769
66686
74885
48798
63470
36212
83610
74461
859
25048
56614
97974
64566
5613
54751
17814
67863
54749
74705
37272
39158
69298
87968
45338
95797
34367
48240
66429
56243
32918
7833
51406
66305
28620
33663
48903
50239
1616
17632
92006
6698
61557
10249
38182
88673
10043
11481
72778
76238
97934
95975
68195
27345
97553
66361
9619
8983
24467
93817
77989
11170
40689
78868
77958
34326
31472
60693
6080
78936
40390
27469
39880
77328
96582
75896
17454
17550
85569
84616
75777
27532
77233
60635
50704
30537
2901
60692
10343
46217
64230
48331
31864
13594
62014
8244
19139
50434
17637
43805
57166
3146
22254
77565
40474
11115
66225
46296
53918
37377
67361
38011
17665
55943
76197
78668
24792
26783
52608
6879
89338
73099
47500
12343
92836
38712
36254
58355
69350
10624
42438
8286
20796
59937
18593
62066
72483
28470
70519
16558
34033
27815
40577
8763
87898
20765
71176
95833
8197
63440
23397
98133
27117
64112
40076
24255
10366
47512
30958
61529
60186
88524
55303
674
63638
49961
65875
53120
9494
12808
53115
79720
58196
30575
10092
53088
24307
83544
25282
80929
52975
73837
33100
25018
90490
16809
9095
10183
61850
94584
98055
67614
62033
82373
31635
38035
54676
66289
41484
30944
3884
57250
30067
73348
30421
13572
62130
13143
34669
90584
69801
28999
15938
10422
97023
9872
20501
82855
34281
67478
74151
69353
81602
51505
1821
43266
63816
26575
33845
42853
51122
62568
72916
54311
9525
26090
8381
7147
16214
91470
35698
44855
85429
25897
3513
2535
3047
57962
33356
24158
37671
63
38302
90559
63034
18424
39604
45885
88835
43963
81707
64118
61011
82497
22611
13836
75703
96918
54986
58630
67104
9486
24403
16246
53308
20707
92618
67498
29631
37876
16531
3658
74165
40124
95711
64524
73573
59361
64967
22850
14805
28009
52978
34972
79739
14483
57770
54181
36710
21704
92646
89476
31522
82596
71160
90170
62517
41358
68019
64456
79867
3337
66038
77710
57188
72570
47310
62951
55308
93908
56047
83342
88833
70471
26653
18341
29001
77422
21047
50673
77616
17568
69104
96002
52985
93949
63777
51312
8309
87168
33291
37727
59057
88338
38379
62607
89216
51181
38614
88718
78658
31793
68814
62901
5968
92913
30684
82054
94121
53343
33216
76811
62580
71994
97531
30680
4801
68393
97883
81761
90934
39729
72473
87638
45284
35074
61734
18413
51685
4877
87349
67294
29012
12723
60735
89927
87912
93273
67446
40688
56078
21944
67114
52329
69123
57137
9522
66287
5035
39869
50904
63437
35345
8962
93955
191
75739
44065
161
57810
18088
80076
11665
23176
18313
2998
84363
84759
34458
36259
16013
47537
56988
14910
69730
65694
35632
65161
92881
64261
23633
63887
35424
98346
41231
51254
44354
83729
45444
34480
35780
97185
40756
84912
47024
16099
96966
56185
62780
473
54610
20786
15564
39301
57654
18557
59406
34160
21705
9261
63263
60169
45351
13659
96708
48305
85164
52175
76946
82460
45916
60052
99037
60929
78630
99298
99514
68555
4924
62758
93662
73156
44461
33502
86422
29234
21785
40928
66176
31809
82659
90917
83000
88466
42366
65147
77069
77490
73141
47348
35846
2558
33906
33053
87460
57840
16656
29277
76515
15163
64076
25704
30832
6646
26698
69610
76780
87687
82882
75720
79013
78542
65931
62497
36177
13475
22150
69641
93202
69692
12966
60204
17296
55798
66804
